0.141592653589793115997963468544185161590576171875
0.141592653589793115997963468544185161590576171875
0.141592653589793115997963468544185161590576171875
0.858407346410206884002036531455814838409423828125
0.9415926535897931604068844535504467785358428955078125
0.80825932025645974565719598103896714746952056884765625
0.7130212250183645128487341935397125780582427978515625
0.641592653589793115997963468544185161590576171875
0.5860370980342375357707851435407064855098724365234375
0.9415926535897931604068844535504467785358428955078125
0.8688653808625204089111093708197586238384246826171875
0.80825932025645974565719598103896714746952056884765625
0.756977268974408534774056533933617174625396728515625
0.7130212250183645128487341935397125780582427978515625
0.9415926535897931604068844535504467785358428955078125
0.858407346410206884002036531455814838409423828125
0.9172308758219716029458368211635388433933258056640625
0.969518457521318044456393181462772190570831298828125
0.98369791674768780609383611590601503849029541015625
0.9415926535897931604068844535504467785358428955078125
0.9060263940292545559174186564632691442966461181640625
0.76749825550111594463231767804245464503765106201171875
0.8149290855406416955730719564598985016345977783203125
0.6917406797435401433205015564453788101673126220703125
0.73840734641020688844292862995644100010395050048828125
0.7814842694871300121661761295399628579616546630859375
0.8213703093731699045321192897972650825977325439453125
0.858407346410206884002036531455814838409423828125
0.754959070548137933798216181457974016666412353515625
0.7917406797435402321383435264579020440578460693359375
0.82614928189407788039488877984695136547088623046875
0.733407346410206884002036531455814838409423828125
0.76749825550111594463231767804245464503765106201171875
0.7995838169984421650582362417480908334255218505859375
0.82983591783877830305726774895447306334972381591796875
0.858407346410206884002036531455814838409423828125
0.8854343734372338570182137118536047637462615966796875
0.9110389253575752466218773406581021845340728759765625
0.9353304233332837558378969333716668188571929931640625
0.95840734641020686179757603895268402993679046630859375
0.98035856592240200324539500797982327640056610107421875
0.9060263940292545559174186564632691442966461181640625
0.8351515324567184705983891035430133342742919921875
0.858407346410206884002036531455814838409423828125
0.7917406797435402321383435264579020440578460693359375
0.8149290855406416955730719564598985016345977783203125
0.83713075066552600222991031841957010328769683837890625
0.77507401307687351366126904395059682428836822509765625
0.7971828566142884486822595135890878736972808837890625
0.81840734641020684847489974345080554485321044921875
0.83879950327295194068000228071468882262706756591796875
0.858407346410206884002036531455814838409423828125
0.8772752709385087666049685140023939311504364013671875
0.8213703093731699045321192897972650825977325439453125
0.84022552822838869612809276077314279973506927490234375
0.858407346410206884002036531455814838409423828125
0.875951206059329745556851776200346648693084716796875
0.89289010503089649706254249394987709820270538330078125
0.90925480403732550360729192107100971043109893798828125
0.9250740130768735358657295364537276327610015869140625
0.94037455952496096234227707100217230618000030517578125
0.95518153995859400584578224879805929958820343017578125
0.969518457521318044456393181462772190570831298828125
0.983407346410206884002036531455814838409423828125
0.996868884871745297715506239910610020160675048828125
0.99007750207464162439663368786568753421306610107421875
0.9774135491121811458725687771220691502094268798828125
0.976054405233736321889637110871262848377227783203125
0.98884212901890256031123271895921789109706878662109375
0.99873551073265021127411955603747628629207611083984375
0.95699889570598151156133326367125846445560455322265625
0.969518457521318044456393181462772190570831298828125
0.9269004970951384425603691852302290499210357666015625
0.93948842749128791407287053516483865678310394287109375
0.95174067974354026322458821596228517591953277587890625
0.96367050430494372026402061237604357302188873291015625
0.97529046329332380604881791441584937274456024169921875
0.986612474615335077743338842992670834064483642578125
0.99764785273932077291902942306478507816791534423828125
0.99159265358979309379350297604105435311794281005859375
0.969518457521318044456393181462772190570831298828125
0.98035856592240200324539500797982327640056610107421875
0.99093746689213457745637469997745938599109649658203125
0.99873551073265021127411955603747628629207611083984375
0.98865147711920486894854320780723355710506439208984375
0.97880195591537455523933886070153675973415374755859375
0.96917886048634482865082873104256577789783477783203125
0.95977447177161134828082822423311881721019744873046875
0.9505814176347369137687337570241652429103851318359375
0.98603709803423755797524563604383729398250579833984375
0.97675748875462831133376084835617803037166595458984375
0.96767961011153225125980270604486577212810516357421875
0.95879695466506198453515708024497143924236297607421875
0.95010329188766551311573493876494467258453369140625
0.9415926535897931604068844535504467785358428955078125
0.93325932025645974565719598103896714746952056884765625
0.9663349216310301859067521945689804852008819580078125
0.95791918420203803208323733997531235218048095703125
0.94967346167060118222735809467849321663379669189453125
0.9415926535897931604068844535504467785358428955078125
0.9336718615105852325797286539454944431781768798828125
0.92590637907998918354479656045441515743732452392578125
0.91829168271600669637422242885804735124111175537109375
0.91082342282056238946807980028097517788410186767578125
0.90349741549455497846565776853822171688079833984375
0.8963096347218686421598476954386569559574127197265625
0.88925620499166224686149462286266498267650604248046875
0.91937043136757090611155263104592449963092803955078125
0.9122348554246555440983001972199417650699615478515625
0.9415926535897931604068844535504467785358428955078125
0.93438544638258591579216272293706424534320831298828125
0.92730693930407881442334883104194886982440948486328125
0.95575194562519139029888037839555181562900543212890625
0.98369791674768780609383611590601503849029541015625
0.97637526228544524453667463603778742253780364990234375
0.96917886048634482865082873104256577789783477783203125
0.9621054741026136003512192473863251507282257080078125
0.955151975623691473771259552449919283390045166015625
0.98192878804357464073149230898707173764705657958984375
0.97492598692312648633873095604940317571163177490234375
0.96803893458152867612653835749370045959949493408203125
0.99405166998323568616768852734821848571300506591796875
0.98712110887434600936529704995336942374706268310546875
0.98743960447472300945293000040692277252674102783203125
0.96240734641020686535028971775318495929241180419921875
0.969518457521318044456393181462772190570831298828125
0.9765175826306793371855974328354932367801666259765625
0.952157346410206884002036531455814838409423828125
0.9591825402086564533732371273799799382686614990234375
0.96609965410251452677670158664113841950893402099609375
0.97291116320409998241558469089795835316181182861328125
0.97961946762232809948756084850174374878406524658203125
0.9862268952823873835455970038310624659061431884765625
0.99273570461916216256526013239636085927486419677734375
0.969518457521318044456393181462772190570831298828125
0.976054405233736321889637110871262848377227783203125
0.9824949376510827558917071655741892755031585693359375
0.98884212901890256031123271895921789109706878662109375
0.9950979938922213108298819861374795436859130859375
0.99873551073265021127411955603747628629207611083984375
0.99265648337702716563768490232178010046482086181640625
0.9866630761250043679666532625560648739337921142578125
0.991274479277339803928725814330391585826873779296875
0.997296235299095723547679881448857486248016357421875
0.99676506738289660791707547105033881962299346923828125
0.99090772208294375378301310774986632168292999267578125
0.98765904709047902532148555110325105488300323486328125
0.9935424815453419711275273584760725498199462890625
0.99934694372564314424067788422689773142337799072265625
0.99492598692312650410229935005190782248973846435546875
0.98927477279509112850774954495136626064777374267578125
0.98369791674768780609383611590601503849029541015625
0.995662248370991154189368899096734821796417236328125
0.99873551073265021127411955603747628629207611083984375
0.980987991571497186527039957582019269466400146484375
0.986612474615335077743338842992670834064483642578125
0.9921653081936463447476626242860220372676849365234375
0.99764785273932077291902942306478507816791534423828125
0.9969385655394786827088182690204121172428131103515625
0.99159265358979309379350297604105435311794281005859375
0.9863131504842030938817742935498245060443878173828125
0.9810988264292992422355155213153921067714691162109375
0.97594848181065196879302447996451519429683685302734375
0.97086094627271990464834061640431173145771026611328125
0.99007750207464162439663368786568753421306610107421875
0.9849661475656967812852826682501472532749176025390625
0.9799160068832062364663215703330934047698974609375
0.97492598692312648633873095604940317571163177490234375
0.9699950204536984532666110681020654737949371337890625
0.9651220653544989591665625994210131466388702392578125
0.9603061038821907313689507645904086530208587646484375
0.95554614196188614183569143278873525559902191162109375
0.9508412085030879534741643510642461478710174560546875
0.94619035473921841994382475604652427136898040771484375
0.9415926535897931604068844535504467785358428955078125
0.95977447177161134828082822423311881721019744873046875
0.955151975623691473771259552449919283390045166015625
0.9505814176347369137687337570241652429103851318359375
0.946061927332809915469624684192240238189697265625
0.9415926535897931604068844535504467785358428955078125
0.95927221160084286122327057455549947917461395263671875
0.9547794667766063003710996781592257320880889892578125
0.9503358229887002295299680554307997226715087890625
0.945940479676749657045320418546907603740692138671875
0.963214275211414783228747182874940335750579833984375
0.95879695466506198453515708024497143924236297607421875
0.95442687818872362637279138652957044541835784912109375
0.95010329188766551311573493876494467258453369140625
0.945825457822597304158307451871223747730255126953125
0.9415926535897931604068844535504467785358428955078125
0.937404171914400397014333066181279718875885009765625
0.93325932025645974565719598103896714746952056884765625
0.92915742042917137677449090915615670382976531982421875
0.92509780822896836571800349702243693172931671142578125
0.92107983307697260944024719719891436398029327392578125
0.917102857671425741870052661397494375705718994140625
0.91316625765070680298407523878267966210842132568359375
0.909269421266560851080384964006952941417694091796875
0.9054117490671800272394875719328410923480987548828125
0.9015926535897931248797476655454374849796295166015625
0.917712056574867762748226596158929169178009033203125
0.9138698813125654130118391549331136047840118408203125
0.910065559993733952381944618537090718746185302734375
0.90629853594273424022276230971328914165496826171875
0.9025682633458906867218729530577547848224639892578125
0.89887420698785136519148863953887484967708587646484375
0.8952158419955902335374275935464538633823394775390625
0.91082342282056238946807980028097517788410186767578125
0.907142892824242874638684952515177428722381591796875
0.90349741549455497846565776853822171688079833984375
0.8998864924523524155830500603769905865192413330078125
0.8963096347218686421598476954386569559574127197265625
0.8927663625099808708540649604401551187038421630859375
0.90794779377670897790864046328351832926273345947265625
0.90438335126421176557443004639935679733753204345703125
0.9008519128490524163765940102166496217250823974609375
0.8973530222533876443691269741975702345371246337890625
0.89388623157144453390543503701337613165378570556640625
0.8904511010783775493138136880588717758655548095703125
0.88704719904433859678505314150243066251277923583984375
0.90177364906490620199974728166125714778900146484375
0.91636742836456785976650962766143493354320526123046875
0.912893102020286395514858668320812284946441650390625
0.90944979644693602072180738105089403688907623291015625
0.906037098034237597943274522549472749233245849609375
0.90265460049244794493716881333966739475727081298828125
0.89930190469111470630281246485537849366664886474609375
0.9135224781511965819191800619591958820819854736328125
0.927618854463155617651182183180935680866241455078125
0.92420134924196706283083813104894943535327911376953125
0.9208134328105723742652344299131073057651519775390625
0.91745472255531035354891855604364536702632904052734375
0.931292224405243729279391118325293064117431640625
0.92791743991457942275502546181087382137775421142578125
0.9245713769940484549891834831214509904384613037109375
0.92125367053894569036032180520123802125453948974609375
0.91796396160667070862615446458221413195133209228515625
0.91470189728727213651637839575414545834064483642578125
0.928203532250881035992051693028770387172698974609375
0.9415926535897931604068844535504467785358428955078125
0.9382731515151043755196269557927735149860382080078125
0.93498108334185925372139536193571984767913818359375
0.93171611037991652892742422409355640411376953125
0.92847789949143244569995658821426331996917724609375
0.92526612297754817770822910460992716252803802490234375
0.9220804584678419235643787033041007816791534423828125
0.9189205888124651888659855103469453752040863037109375
0.9157862019768898687033242822508327662944793701171875
0.9126769909391907464879523104173131287097930908203125
0.9255926535897931461960297383484430611133575439453125
0.9224691476136974710442473224247805774211883544921875
0.93524344724058672273514503103797324001789093017578125
0.93210648758188796580981261286069639027118682861328125
0.92899422839294276688093532357015646994113922119140625
0.9415926535897931604068844535504467785358428955078125
0.938467653589793115997963468544185161590576171875
0.93536697265594093142482279290561564266681671142578125
0.93229032800839772843204400487593375146389007568359375
0.9292374412345807410673614867846481502056121826171875
0.9415926535897931604068844535504467785358428955078125
0.93852751949017620969328845603740774095058441162109375
0.935485783360785472240195304038934409618377685546875
0.93246717830462200193863964159390889108180999755859375
0.9294714414685809611427202980848960578441619873046875
0.9264983139671516543245388675131835043430328369140625
0.923547540807838185372702355380170047283172607421875
0.92061887081825755085873197458568029105663299560546875
0.917712056574867762748226596158929169178009033203125
0.9148268543332875868401288244058378040790557861328125
0.9119630239601634880131086902110837399959564208984375
0.9091203288665459236739252446568571031093597412109375
0.92100441829567547546986361339804716408252716064453125
0.91814943014656968944819936950807459652423858642578125
0.92991382147300483129725989783764816820621490478515625
0.9270471990443385212898874669917859137058258056640625
0.92420134924196706283083813104894943535327911376953125
0.921376047091598149307856147061102092266082763671875
0.932959560064613224739105135085992515087127685546875
0.93012311953961390731393521491554565727710723876953125
0.92730693930407881442334883104194886982440948486328125
0.92451080305598531960953323505236767232418060302734375
0.921734497561424337419566654716618359088897705078125
0.9189778126003937952503974884166382253170013427734375
0.91624054091373674513221203596913255751132965087890625
0.9275575658704948711630322577548213303089141845703125
0.92480943680657634597963578926282934844493865966796875
0.9220804584678419235643787033041007816791534423828125
0.93325932025645974565719598103896714746952056884765625
0.94436081967975848971974528467399068176746368408203125
0.9415926535897931604068844535504467785358428955078125
0.9525892171636762828512701162253506481647491455078125
0.94981183167198490746585548549774102866649627685546875
0.947053404443035429238761935266666114330291748046875
0.95791918420203803208323733997531235218048095703125
0.955151975623691473771259552449919283390045166015625
0.9659169779141174583259044084115885198116302490234375
0.9631414751386146999578841132461093366146087646484375
0.97380741869046427705569612953695468604564666748046875
0.98440201813828809296325061950483359396457672119140625
0.98159265358979308491171877903980202972888946533203125
0.9920909924602250296032934784307144582271575927734375
0.98927477279509112850774954495136626064777374267578125
0.986477142038638010745899009634740650653839111328125
0.98369791674768780609383611590601503849029541015625
0.9809369158848750824830631245276890695095062255859375
0.97819396077933562505535292075364850461483001708984375
0.98849819104907654665481686606653966009616851806640625
0.985748497745637219935588291264139115810394287109375
0.9830166018098578373241025474271737039089202880859375
0.98030233100914798693992224798421375453472137451171875
0.97760551532612749436879084896645508706569671630859375
0.98774649974363926130394020219682715833187103271484375
0.98504313282301991794298601234913803637027740478515625
0.9823569847999842341579324056510813534259796142578125
0.97968789168503123132580867604701779782772064208984375
0.98969391941257789380159692882443778216838836669921875
0.98701852109767951315433265335741452872753143310546875
0.9969385655394786827088182690204121172428131103515625
0.99320358465472102782456431668833829462528228759765625
0.983407346410206884002036531455814838409423828125
0.97367214391799505879276921405107714235782623291015625
0.97641976877045533189658499395591206848621368408203125
0.97915038046593438902931438860832713544368743896484375
0.98186413653366366727226477451040409505367279052734375
0.97225350025636070316892300979816354811191558837890625
0.96270182493781419896805573443998582661151885986328125
0.9532085696517971218355569362756796181201934814453125
0.95596832201996295719226282017189078032970428466796875
0.95871129777798802518162801789003424346446990966796875
0.961437649440509911613617077819071710109710693359375
0.95206293553407395080512287677265703678131103515625
0.95479288857888156005770952106104232370853424072265625
0.95750644550930597009852363044046796858310699462890625
0.9602037535958356517795664331060834228992462158203125
0.96288495835050535998078657939913682639598846435546875
0.96555020355306397927819261894910596311092376708984375
0.96819963127667574287471552452188916504383087158203125
0.95899906238653820356176993300323374569416046142578125
0.9616521841683189908422946245991624891757965087890625
0.96428969935138331148749557542032562196254730224609375
0.96691174523718637079383597665582783520221710205078125
0.969518457521318044456393181462772190570831298828125
0.97210997031691237513228998068370856344699859619140625
0.9746864161776487289756687459885142743587493896484375
0.97724792612035182859386850395821966230869293212890625
0.97979462964720109852123641758225858211517333984375
0.9823266547675555404595115760457701981067657470703125
0.9848441280194022429128608564496971666812896728515625
0.9873471744904360747341343085281550884246826171875
0.9898359178387783341435124384588561952114105224609375
0.99231048031334079251308821767452172935009002685546875
0.99477098277384323754546358031802810728549957275390625
0.99721754471049017798378599763964302837848663330078125
0.99965028426331425936979258040082640945911407470703125
0.9908017126073900282534623329411260783672332763671875
0.99323880708436418363049824620247818529605865478515625
0.995662248370991154189368899096734821796417236328125
0.99807215087948064624612243278534151613712310791015625
0.9893265664659172120565244767931289970874786376953125
0.991740679743540187729422541451640427112579345703125
0.9941414184323675851118196078459732234477996826171875
0.996528893371532831224612891674041748046875
0.9989032141788019014683186469483189284801483154296875
0.99873551073265021127411955603747628629207611083984375
0.99638717413773836284462959156371653079986572265625
0.99405166998323568616768852734821848571300506591796875
0.99172889337180947233463257362018339335918426513671875
0.9894187405463148454742849935428239405155181884765625
0.98712110887434600936529704995336942374706268310546875
0.9848358968330364060506099121994338929653167724609375
0.9933446751531354035336107699549756944179534912109375
0.99105501918119098814230483185383491218090057373046875
0.98877764018496738795960254719830118119716644287109375
0.9865124396860498467987099502352066338062286376953125
0.984259320256459790954295385745353996753692626953125
0.99265648337702716563768490232178010046482086181640625
0.9903990196375385135496571820112876594066619873046875
0.9881535001506396298509571352042257785797119140625
0.98591983037079578000572155360714532434940338134765625
0.98369791674768780609383611590601503849029541015625
0.98148766671315268439457213389687240123748779296875
0.97928898866832714276142723974771797657012939453125
0.9771017919709941157435650893603451550006866455078125
0.985342653589793115997963468544185161590576171875
0.98315109514823462166788203830947168171405792236328125
0.98097089193176201238344447119743563234806060791015625
0.97880195591537455523933886070153675973415374755859375
0.98695347833206115151227777460007928311824798583984375
0.98478031425817358357477360186749137938022613525390625
0.99287470487184437129002390065579675137996673583984375
0.99069751292483143600975381559692323207855224609375
0.98853142909999724974312584890867583453655242919921875
0.9863763686025157628733950332389213144779205322265625
0.98423224749842253000764458192861638963222503662109375
0.98209898270371720485627520247362554073333740234375
0.97997649197363145834316355831106193363666534423828125
0.98794026064268980480420623280224390327930450439453125
0.98581375911743129858422207689727656543254852294921875
0.9937229794043294095473584093269892036914825439453125
0.99840734641020689732471282695769332349300384521484375
0.99944801518580306254335710036684758961200714111328125
0.99273570461916216256526013239636085927486419677734375
0.99488377320921428381694795461953617632389068603515625
0.99702120779634550995496056202682666480541229248046875
0.99914808715094760582786648228648118674755096435546875
0.99873551073265021127411955603747628629207611083984375
0.9966295086266481195735877918195910751819610595703125
0.99453383006038131863846274427487514913082122802734375
0.99244839931106454411491313294391147792339324951171875
0.99037314139467114149084636665065772831439971923828125
0.98830798205694636582308021388598717749118804931640625
0.99596158562862802110515758613473735749721527099609375
0.9938928957205437342281584278680384159088134765625
0.9918341994835129238339277435443364083766937255859375
0.989785424674130442923569717095233500003814697265625
0.98774649974363926130394020219682715833187103271484375
0.98571735382960123939000141035648994147777557373046875
0.9932672947381184780368812425876967608928680419921875
0.99123465836306279275191855049342848360538482666015625
0.98921170120884072129996411604224704205989837646484375
0.98719835430238223050736223740386776626110076904296875
0.9851945493243903229085844941437244415283203125
0.98320021860161344040562880763900466263294219970703125
0.9906492573633780551745076081715524196624755859375
0.98865147711920486894854320780723355710506439208984375
0.9866630761250043679666532625560648739337921142578125
0.98468398848440674697712893248535692691802978515625
0.98271414891689590209722382496693171560764312744140625
0.98075349275063228304816220770590007305145263671875
0.97880195591537455523933886070153675973415374755859375
0.97685947493550073783552534223417751491069793701171875
0.97492598692312648633873095604940317571163177490234375
0.9730014295713174110602494693011976778507232666015625
0.971085741147396763750521131441928446292877197265625
0.96917886048634482865082873104256577789783477783203125
0.96728072698428857467689567783963866531848907470703125
0.9653912805920814577120836474932730197906494140625
0.9635104618089711525641405387432314455509185791015625
0.97074982898842632206282132756314240396022796630859375
0.96886538086252038670664887831662781536579132080078125
0.97605977377119901294832970961579121649265289306640625
0.97417183911015514663489511804073117673397064208984375
0.97229242785615876965010784260812215507030487060546875
0.970421482418621916821166450972668826580047607421875
0.96855894572462453151473482648725621402263641357421875
0.9756733710785823188160748031805269420146942138671875
0.97380741869046427705569612953695468604564666748046875
0.97194979644693602072180738105089403688907623291015625
0.97010044869001588185852824608446098864078521728515625
0.968259320256459776743440670543350279331207275390625
0.96642635647227648210133565953583456575870513916015625
0.9646015031473151868368631767225451767444610595703125
0.9627847065699255413306900663883425295352935791015625
0.9697864861889120557947308043367229402065277099609375
0.97675748875462831133376084835617803037166595458984375
0.97492598692312648633873095604940317571163177490234375
0.97310250041692658573566632185247726738452911376953125
0.97128697673389796651832739371457137167453765869140625
0.97819396077933562505535292075364850461483001708984375
0.97637526228544524453667463603778742253780364990234375
0.97456445402363256480526843006373383104801177978515625
0.9727614847586243396193594890064559876918792724609375
0.970966303697784471893328372971154749393463134765625
0.96917886048634482865082873104256577789783477783203125
0.96739910520269634108814216233440674841403961181640625
0.9656269883537416109930973107111640274524688720703125
0.96386246087030702511810886790044605731964111328125
0.9621054741026136003512192473863251507282257080078125
0.9603559798158058935513281539897434413433074951171875
0.95861393018553775480228296146378852427005767822265625
0.9568792777936148130635274355881847441196441650390625
0.955151975623691473771259552449919283390045166015625
0.95343197705702353861312303706654347479343414306640625
0.95171923586827411600808090952341444790363311767578125
0.95843475885295104088612561099580489099025726318359375
0.9567187040099611738952489758958108723163604736328125
0.96339558860027529885172725698794238269329071044921875
0.96167633559816134702913359433296136558055877685546875
0.95996426110545074461555259404121898114681243896484375
0.9582593202564597678616564735420979559421539306640625
0.9648774768746164465227366235922090709209442138671875
0.9631694170752702621740581889753229916095733642578125
0.9614684299873086370524788435432128608226776123046875
0.95977447177161134828082822423311881721019744873046875
0.9580874989506178440734629475628025829792022705078125
0.95640746840460788558146987270447425544261932373046875
0.95473433736802715277036668339860625565052032470703125
0.95306806342585870250871948883286677300930023193359375
0.959588563610243028279001009650528430938720703125
0.95791918420203803208323733997531235218048095703125
0.956256604709956103960166728938929736614227294921875
0.954600783671093910953686645370908081531524658203125
0.9529516799589614617360666670720092952251434326171875
0.95130925278007649747991081312648020684719085693359375
0.94967346167060118222735809467849321663379669189453125
0.9561087826220511232122589717619121074676513671875
0.96251820690971268135172067559324204921722412109375
0.960869762023528029004637573962099850177764892578125
0.95922792413087532015225633585941977798938751220703125
0.9575926535897931746177391687524504959583282470703125
0.9559639110748230361735977567150257527828216552734375
0.9543416575738568052855725909466855227947235107421875
0.95272585438502177535013970555155538022518157958984375
0.9511164631136026503810398935456760227680206298828125
0.9495134456690010882340402531553991138935089111328125
0.9479167642617298827900640389998443424701690673828125
0.94632638140044400554273806847049854695796966552734375
0.94474225988900573103279612041660584509372711181640625
0.95102290899254360301284805245813913643360137939453125
0.9494357908446950933267771688406355679035186767578125
0.9478548845095582375819276421680115163326263427734375
0.954092653589793115997963468544185161590576171875
0.9525088329270250397939889808185398578643798828125
0.9509311749905713373465232507442124187946319580078125
0.9493596438810552040621359992655925452709197998046875
0.94779420397739000403447562348446808755397796630859375
0.9462348199340870902318556545651517808437347412109375
0.9446814566785961542194627327262423932552337646484375
0.9508412085030879534741643510642461478710174560546875
0.9492849612821008253860100012389011681079864501953125
0.9477346881387374022409630924812518060207366943359375
0.94619035473921841994382475604652427136898040771484375
0.944651927012355230317552923224866390228271484375
0.94311937114704502693740550967049784958362579345703125
0.9415926535897931604068844535504467785358428955078125
0.94007174104226454147692493279464542865753173828125
0.93855660045886335485221252383780665695667266845703125
0.9446229566200960992006230299011804163455963134765625
0.94310494092438668101152643430395983159542083740234375
0.9415926535897931604068844535504467785358428955078125
0.94008606225269331080340862172306515276432037353515625
0.93858513479280059055298579551163129508495330810546875
0.944594529762400991756976509350351989269256591796875
0.9505814176347369137687337570241652429103851318359375
0.94906928910381183062128229721565730869770050048828125
0.94756280284352445431039768664049915969371795654296875
0.946061927332809915469624684192240238189697265625
0.9520015755228785625519094537594355642795562744140625
0.95049803392374487831517626545974053442478179931640625
0.949000060997200467483025931869633495807647705078125
0.95490134120531988681790380724123679101467132568359375
0.95340077167097392329964122836827300488948822021484375
0.95190572909623882846830156267969869077205657958984375
0.9504161830015578349417637582519091665744781494140625
0.948932103131077564484030517633073031902313232421875
0.9474534594505990003909801089321263134479522705078125
0.9532928364051496128439566746237687766551971435546875
0.951811631691982906744442516355775296688079833984375
0.9503358229887002295299680554307997226715087890625
0.95613810813524768850157897759345360100269317626953125
0.9546598042250018512078213461791165173053741455078125
0.96043323329993801618087445604032836854457855224609375
0.9589525089243320365994804888032376766204833984375
0.96469734673058737950412933059851638972759246826171875
0.963214275211414783228747182874940335750579833984375
0.9617365384818794549204312716028653085231781005859375
0.96744543635460455988095418433658778667449951171875
0.965965413446423948329311315319500863552093505859375
0.96449068579015084790029277428402565419673919677734375
0.9630212250183645128487341935397125780582427978515625
0.96155700296590718156863886179053224623203277587890625
0.9600979916680849601817726579611189663410186767578125
0.965748959096009773617197424755431711673736572265625
0.96428768905078598994151661827345378696918487548828125
0.9628315916428904497337271095602773129940032958984375
0.961380639455517549407659316784702241420745849609375
0.95993480526527807938919067964889109134674072265625
0.9584940620404973632417977569275535643100738525390625
0.96408825991668234411946514228475280106067657470703125
0.96966282902838962787228638262604363262653350830078125
0.97521787250397873325624686913215555250644683837890625
0.97376048575762530479238421321497298777103424072265625
0.97230818587600598146281072331476025283336639404296875
0.97086094627271990464834061640431173145771026611328125
0.97637526228544524453667463603778742253780364990234375
0.97492598692312648633873095604940317571163177490234375
0.97348173504559898372434645352768711745738983154296875
0.978962895804325938797774142585694789886474609375
0.97751666049825602922140888040303252637386322021484375
0.98297196393462071828395210104645229876041412353515625
0.98152380677395834052134659941657446324825286865234375
0.98008062609838419998453673542826436460018157958984375
0.97864239629991323088376020677969790995121002197265625
0.9772090919459575086847280545043759047985076904296875
0.97578068777782733800307823912589810788631439208984375
0.97435715870924699544275426887907087802886962890625
0.9729384798248867927128458177321590483188629150390625
0.971524626378908795487632232834585011005401611328125
0.9701155737935283074335757191875018179416656494140625
0.96871129765758967611333218883373774588108062744140625
0.967311773725156864855989624629728496074676513671875
0.9659169779141174583259044084115885198116302490234375
0.9645268863048015450800676262588240206241607666015625
0.9631414751386146999578841132461093366146087646484375
0.9617607208166838450580371500109322369098663330078125
0.96038459989851798770388313641888089478015899658203125
0.95901308910068083779520975440391339361667633056640625
0.95764616529547874623773395796888507902622222900390625
0.95628380550965952355824128972017206251621246337890625
0.96159265358979306714815038503729738295078277587890625
0.96022826091092461364695509473676793277263641357421875
0.96551291937052396985308178045670501887798309326171875
0.9641465507705559989659604980261065065860748291015625
0.9627847065699255413306900663883425295352935791015625
0.96142736433359476944104926587897352874279022216796875
0.96007450177461162166281383179011754691600799560546875
0.9587260967528903332635081824264489114284515380859375
0.95738212727400362478391571130487136542797088623046875
0.95604257148798688081825503104482777416706085205078125
0.961264784737334121444973789039067924022674560546875
0.95992325915444121076092187649919651448726654052734375
0.9585861176420806817333186700125224888324737548828125
0.9572533387447685893079096786095760762691497802734375
0.95592490114679640189621068202541209757328033447265625
0.954600783671093910953686645370908081531524658203125
0.95977447177161134828082822423311881721019744873046875
0.95844840723647062308288013809942640364170074462890625
0.95712663417231735873969000749639235436916351318359375
0.9558091317804231490384836433804593980312347412109375
0.95449587939624469523636207668459974229335784912109375
0.95318685648834389212424866855144500732421875
0.95188204265731723996424307188135571777820587158203125
0.9505814176347369137687337570241652429103851318359375
0.9492849612821008253860100012389011681079864501953125
0.9479926535897931216823053546249866485595703125
0.9467044746760551188202725825249217450618743896484375
0.95179999011291915866905810617026872932910919189453125
0.950509851042022457789926193072460591793060302734375
0.95558311463907774641057812914368696510791778564453125
0.9542910662882058137057583735440857708454132080078125
0.9530031131777487729550557560287415981292724609375
0.95171923586827411600808090952341444790363311767578125
0.9504394150431896282071875248220749199390411376953125
0.94916363150777416368697458892711438238620758056640625
0.95419107878664355393283358353073708713054656982421875
0.952913408306774289968643643078394234180450439453125
0.951639749351174568658962016343139111995697021484375
0.950370083056877756888525254908017814159393310546875
0.94910439067899499132607843421283178031444549560546875
0.94784265358979313820242396104731597006320953369140625
0.94658485327778063567194521965575404465198516845703125
0.94533097134680244000293214412522502243518829345703125
0.94408098951514307639598655441659502685070037841796875
0.94283488961463779443050725603825412690639495849609375
0.9415926535897931604068844535504467785358428955078125
0.94035426349691386693763206494622863829135894775390625
0.939119701503239756590346587472595274448394775390625
0.937888949886089395846511251875199377536773681640625
0.9428253192292384010642081193509511649608612060546875
0.9415926535897931604068844535504467785358428955078125
0.9403637749415596491786573096760548651218414306640625
0.9452736351848851636958670496824197471141815185546875
0.94404288329882835029138732352294027805328369140625
0.948932103131077564484030517633073031902313232421875
0.94769952381880073755127114054630510509014129638671875
0.952568263345890731130793938064016401767730712890625
0.9513339016872055520224193969625048339366912841796875
0.95010329188766551311573493876494467258453369140625
0.9488764168674865828734255046583712100982666015625
0.94765325965039914901666406876756809651851654052734375
0.94643380336286420106972627763752825558185577392578125
0.95126032730580523111285629056510515511035919189453125
0.9500391090950721650898458392475731670856475830078125
0.95484566563798589644562753164791502058506011962890625
0.95963776637174802441876408920506946742534637451171875
0.96441547641261593515338290671934373676776885986328125
0.96917886048634482865082873104256577789783477783203125
0.96793995897901463631995966352405957877635955810546875
0.97268383445675876686209448962472379207611083984375
0.97144339985844985196905554403201676905155181884765625
0.976167914394562075131034362129867076873779296875
0.97492598692312648633873095604940317571163177490234375
0.97368775017225972501222486243932507932186126708984375
0.9724531877144222402620243883575312793254852294921875
0.97122228321942272177835775437415577471256256103515625
0.9699950204536984532666110681020654737949371337890625
0.96877138327960110597558696099440567195415496826171875
0.96755135565468985969772575117531232535839080810546875
0.9663349216310301859067521945689804852008819580078125
0.9651220653544989591665625994210131466388702392578125
0.9639127710640955637444449166650883853435516357421875
0.96270702309125943951784165619756095111370086669921875
0.961504805859192845929328541387803852558135986328125
0.9603061038821907313689507645904086530208587646484375
0.96495031782336970760383110246038995683193206787109375
0.9637500879921254703930344476248137652873992919921875
0.96255335227974947454043785910471342504024505615234375
0.96136009545025824518660328976693563163280487060546875
0.96017030235612110811160846424172632396221160888671875
0.9647810593868946238416128835524432361125946044921875
0.96358975923378731298640786917530931532382965087890625
0.96240190214470644480826422295649535953998565673828125
0.96121747321461270541220756058464758098125457763671875
0.96003645762437528343724579826812259852886199951171875
0.958858840640152809697838165448047220706939697265625
0.9576846076127816242973267435445450246334075927734375
0.956513743977167596455046805203892290592193603515625
0.96107689427747222676856608813977800309658050537109375
0.95990452769565859370004545780830085277557373046875
0.96444979644693595854931800204212777316570281982421875
0.96327596314756769313447648528381250798702239990234375
0.96780347980061931512096862206817604601383209228515625
0.96662821546746025003216118420823477208614349365234375
0.96545628995342946954139051740639843046665191650390625
0.96428768905078598994151661827345378696918487548828125
0.96878812101188938044060705578885972499847412109375
0.96761811327861912968018032188410870730876922607421875
0.9664514106519399572192696723504923284053802490234375
0.965287999146915876025332181598059833049774169921875
0.9641278648573987641867688580532558262348175048828125
0.96297099395547525180205639117048121988773345947265625
0.961817372690916716493347848881967365741729736328125
0.9606669873906346079905915757990442216396331787109375
0.9595198244581404356523535170708782970905303955078125
0.958375870373009863811830655322410166263580322265625
0.95723511169035180312647526079672388732433319091796875
0.95609753504028127668590286702965386211872100830078125
0.95496312712739761519031844727578572928905487060546875
0.95383187473026598279801646640407852828502655029296875
0.9527037647009042320433991335448808968067169189453125
0.95157878396427297840176606769091449677944183349609375
0.9504569195177710039246221640496514737606048583984375
0.9493381584307336584771519483183510601520538330078125
0.9537473497223898366570438156486488878726959228515625
0.9526271363484137832955411795410327613353729248046875
0.951510008961693909412815628456883132457733154296875
0.95589801810148500305075458527426235377788543701171875
0.9547794667766063003710996781592257320880889892578125
0.95366398417964226563725560481543652713298797607421875
0.9525515576993821564855124961468391120433807373046875
0.9514421747936234741160888006561435759067535400390625
0.9503358229887002295299680554307997226715087890625
0.94923248987901553963553169523947872221469879150390625
0.94813216312657788709117312464513815939426422119140625
0.9470348304605413769508004406816326081752777099609375
0.945940479676749657045320418546907603740692138671875
0.94484909863728294698859144773450680077075958251953125
0.94376067527000995216468481885385699570178985595703125
0.942675197568142220205800185794942080974578857421875
0.9415926535897931604068844535504467785358428955078125
0.940513031457539394608602378866635262966156005859375
0.93943631935798721510622044661431573331356048583984375
0.93836250554134092993763260892592370510101318359375
0.9372915783209758711080894499900750815868377685546875
0.93622352607301462246169876380008645355701446533203125
0.93515833723590569004358030724688433110713958740234375
0.93409600031000727948793382893200032413005828857421875
0.93838409744006046064868087341892533004283905029296875
0.9373202904389252854144842785899527370929718017578125
0.9415926535897931604068844535504467785358428955078125
0.9458536389426559498616597920772619545459747314453125
0.95010329188766551311573493876494467258453369140625
0.9490295725804969162453517128597013652324676513671875
0.94795870133515125477430274258949793875217437744140625
0.94689066683482625563783585675992071628570556640625
0.945825457822597304158307451871223747730255126953125
0.94476306310102164953690362381166778504848480224609375
0.9437034715317456079475277874735184013843536376953125
0.942646672035115873455879409448243677616119384765625
0.9415926535897931604068844535504467785358428955078125
0.940541405232368621369687389233149588108062744140625
0.9394929160569847059747417006292380392551422119140625
0.93844717521495690792932009571813978254795074462890625
0.937404171914400397014333066181279718875885009765625
0.93636389541985842743798684750800020992755889892578125
0.935326335051934076858515254571102559566497802734375
0.93429148018692476096447308009373955428600311279296875
0.93325932025645974565719598103896714746952056884765625
0.93222984474714032376851946537499316036701202392578125
0.9312030432001827673360594417317770421504974365234375
0.93017890521106416645835679446463473141193389892578125
0.92915742042917137677449090915615670382976531982421875
0.9281385785574516322782301358529366552829742431640625
0.92712236935206704391276844035019166767597198486328125
0.92610878262205120758920884327380917966365814208984375
0.93025244740422607936380927640129812061786651611328125
0.9292374412345807410673614867846481502056121826171875
0.928225044335294402486624676384963095188140869140625
0.92721524665782906193811641060165129601955413818359375
0.92620803820517771942633089565788395702838897705078125
0.9252034090315344183608203820767812430858612060546875
0.92420134924196706283083813104894943535327911376953125
0.92320184899209201123682078105048276484012603759765625
0.92220489848775233365785197747754864394664764404296875
0.9212104879846976235313604775001294910907745361328125
0.9202186077882663628457748927758075296878814697265625
0.9243118403750536504759338640724308788776397705078125
0.92331854191466622427952870566514320671558380126953125
0.92739746981286030891311611412675119936466217041015625
0.9264027801720715604716360758175142109394073486328125
0.92541060554933796122867306621628813445568084716796875
0.92442093641807598913828769582323729991912841796875
0.92343376329975523919557645058375783264636993408203125
0.9224490767635966648185785743407905101776123046875
0.9214668674262711522970903388340957462787628173828125
0.92551225157974281732009558254503645002841949462890625
0.92452866362743424399894820453482680022716522216796875
0.923547540807838185372702355380170047283172607421875
0.92757513168741512199488852274953387677669525146484375
0.93159265358979315152510025654919445514678955078125
0.93060638642375070883616672290372662246227264404296875
0.9296225787768255255372196188545785844326019287109375
0.933622541510092052163827247568406164646148681640625
0.93263742970919605301816091014188714325428009033203125
0.93165476539103531106178479603840969502925872802734375
0.93067453944587252845366265319171361625194549560546875
0.92969674280912395492038058364414609968662261962890625
0.9287213664610802776877562791923992335796356201171875
0.92774840142662873265777534470544196665287017822265625
0.926777838774978324209996571880765259265899658203125
0.93074185211013837903948342500370927155017852783203125
0.92976999349127098515310763104935176670551300048828125
0.92880052566851389883595402352511882781982421875
0.92783343983057930959290615646750666201114654541015625
0.92686872720942503622865160650690086185932159423828125
0.93080833986430289161972950751078315079212188720703125
0.92984234759224104749364414601586759090423583984375
0.9288787171594752312131504368153400719165802001953125
0.92791743991457942275502546181087382137775421142578125
0.9269585072483297327750051408656872808933258056640625
0.93087401777980527395328635975602082908153533935546875
0.93478000152166662584107825750834308564662933349609375
0.933816225886269446476717348559759557247161865234375
0.93285478951212319476127277084742672741413116455078125
0.9318956838928234009955531291780062019824981689453125
0.9309389005631587554745465240557678043842315673828125
0.93482119047008327417103146217414177954196929931640625
0.933863184990759265247106668539345264434814453125
0.9329074907429897312027833322645165026187896728515625
0.931954099372925615085705430828966200351715087890625
0.9310030025669291386947179489652626216411590576171875
0.93005419205133155191589366950211115181446075439453125
0.9291076595921941017053313771612010896205902099609375
0.928163396995068890049651599838398396968841552734375
0.92722139610476317361786868787021376192569732666015625
0.92628164880510410750247274336288683116436004638671875
0.92534414701870593145116572486585937440395355224609375
0.9244088827067382663216221772017888724803924560546875
0.9282434283216167703045584858045913279056549072265625
0.93206884406598355941042655103956349194049835205078125
0.93112891993937696444305629484006203711032867431640625
0.9301912284116458096150381607003509998321533203125
0.92925576153759859021619149643811397254467010498046875
0.92832251140969834768412738412735052406787872314453125
0.9273914701578405139770211462746374309062957763671875
0.9264626299491312000355947020580060780048370361328125
0.9255359829876679267357530989102087914943695068359375
0.92461152151432146606424566925852559506893157958984375
0.9236892378065186814950493499054573476314544677734375
0.92276912417802836596791848933207802474498748779296875
0.9218511729787473019115395800326950848102569580078125
0.92093537659448798660122292858432047069072723388671875
0.92002172744676846694034111351356841623783111572265625
0.91911021799260339548709453083574771881103515625
0.91820084072429608568199910223484039306640625
0.9219664853654940817051510748569853603839874267578125
0.921055897463772144106997075141407549381256103515625
0.92014743214457173081655128044076263904571533203125
0.91924108199491538773173715526354499161243438720703125
0.9183368396363047470032370256376452744007110595703125
0.9220804584678419235643787033041007816791534423828125
0.92581539140881863314547217669314704835414886474609375
0.92490667444726704093937996731256134808063507080078125
0.9286296906268300954678807102027349174022674560546875
0.9277198212198509708059646072797477245330810546875
0.92681205312789938233208886231295764446258544921875
0.93051998922993151008853374150930903851985931396484375
0.93421938170039220405982405281974934041500091552734375
0.93791026003398181298820190932019613683223724365234375
0.93699495244036778984764168853871524333953857421875
0.93608174658634879516938553933869116008281707763671875
0.9351706352411692790838060318492352962493896484375
0.93426161120720430108832488258485682308673858642578125
0.93335466731977023702171436525532044470310211181640625
0.93244979644693593012760857163812033832073211669921875
0.93611320153499855134526796973659656941890716552734375
0.9352072488007394657216764244367368519306182861328125
0.93430335974013478672617338816053234040737152099609375
0.9334015273099296461367657684604637324810028076171875
0.93250174449888401095876133695128373801708221435546875
0.9316040043275910509379400537000037729740142822265625
0.9307082998482965052744475542567670345306396484375
0.92981462414471949262662064938922412693500518798828125
0.92892297033187454236013991248910315334796905517578125
0.928033331555894847042509354650974273681640625
0.92714570099385629209365333736059255897998809814453125
0.92626007185360370588256273549632169306278228759765625
0.925376437373576887779336175299249589443206787109375
0.92449479082263896767557298517203889787197113037109375
0.9236151254999054316385809215717017650604248046875
0.92273743473457425778860852005891501903533935546875
0.921861711885757273421404534019529819488525390625
0.92098795034231273337610446105827577412128448486328125
0.9201161435226790086261416945490054786205291748046875
0.91924628487470927407088083782582543790340423583984375
0.91837836787550741757257810604642145335674285888671875
0.91751238603126472614945896566496230661869049072265625
0.916648332877098237503332711639814078807830810546875
0.9157862019768898687033242822508327662944793701171875
0.91492598692312643304802577404188923537731170654296875
0.9140676813367409891952775069512426853179931640625
0.91764586866739838999507128391996957361698150634765625
0.916786452039405563851914848783053457736968994140625
0.92035371553669576005773933502496220171451568603515625
0.91949320607598095111967495540739037096500396728515625
0.92304960723217721607625207980163395404815673828125
0.9221880229392969141599678550846874713897705078125
0.92132833640917632944677961859269998967647552490234375
0.92047054137857198252703483376535587012767791748046875
0.92401023600737552943229502488975413143634796142578125
0.92315138026377774327357883521472103893756866455078125
0.92229440797575801269658768433146178722381591796875
0.92143931295452474738993942082743160426616668701171875
0.9205860890383708028394948996719904243946075439453125
0.9197347300925253765768729863339103758335113525390625
0.9188852300090071256732926485710777342319488525390625
0.9180375827064779503672298233141191303730010986328125
0.9171917821300981099597038337378762662410736083984375
0.91634782225138178279877365639549680054187774658203125
0.915505697068053958531663738540373742580413818359375
0.91466540060390821853530951557331718504428863525390625
0.913826926908665182480717703583650290966033935546875
0.9173239645323716384694989756098948419094085693359375
0.91648442848156796980418903331155888736248016357421875
0.91564670764384714640726770085166208446025848388671875
0.91481079613838922615087767553632147610187530517578125
0.913976688109749968447204082622192800045013427734375
0.913144377727724165794143118546344339847564697265625
0.9123138591872097524770879317657090723514556884765625
0.91148512670807269042683174120611511170864105224609375
0.9149546299592883347173710717470385134220123291015625
0.91412484243099478842253802213235758244991302490234375
0.91758407909890349340997772742412053048610687255859375
0.91675325316152755927845419137156568467617034912109375
0.91592420439193211745276812507654540240764617919921875
0.91509692709406664778981621566344983875751495361328125
0.91854035903269604101950562835554592311382293701171875
0.917712056574867762748226596158929169178009033203125
0.92114536924474521573102947513689287006855010986328125
0.92031605784511227863475824051420204341411590576171875
0.9194885090626943036085094718146137893199920654296875
0.9186627172840606814219199804938398301601409912109375
0.917838676919591645031459847814403474330902099609375
0.92125367053894569036032180520123802125453948974609375
0.9246614366585761413119826102047227323055267333984375
0.923833668388947426564072884502820670604705810546875
0.9230076483099620698880016789189539849758148193359375
0.922183370889371190060046501457691192626953125
0.9255757937373167987260558220441453158855438232421875
0.92475054832663516890534083358943462371826171875
0.923927038447837301049503366812132298946380615234375
0.92310525863180992178769201927934773266315460205078125
0.922285203432395395140019900281913578510284423828125
0.9214668674262711522970903388340957462787628173828125
0.920650245212829787533337366767227649688720703125
0.91983533141406093047720560207380913197994232177734375
0.919022120674432674292120282188989222049713134765625
0.91821060766077433612508684745989739894866943359375
0.917400787062160105733710224740207195281982421875
0.91659265358979313820242396104731597006320953369140625
0.9157862019768898687033242822508327662944793701171875
0.9149814269785665477030534020741470158100128173828125
0.91417832337172455492435574342380277812480926513671875
0.91337688595493837784289326009456999599933624267578125
0.9125771095483423689387336708023212850093841552734375
0.91177898899351983441619040604564361274242401123046875
0.91098251915339190087905762993614189326763153076171875
0.91018769491210715916196249963832087814807891845703125
0.9093945111749324183847420499660074710845947265625
0.90860296286814357102912254049442708492279052734375
0.9078130449389176792607258903444744646549224853515625
0.90702475235522517227337857548263855278491973876953125
0.9062380801057232648787476136931218206882476806640625
0.905453023199649376095976549549959599971771240234375
0.90466957666671621307585837712395004928112030029296875
0.90388773555700618889119368759565986692905426025390625
0.90720166075458330556813280054484494030475616455078125
0.91050880900901598469232567367726005613803863525390625
0.9097233992486286613399215639219619333744049072265625
0.90893959236530330603187621818506158888339996337890625
0.90815738345727525793193990466534160077571868896484375
0.9073767676427462181010241693002171814441680908203125
0.90659774005978288613505355897359549999237060546875
0.905820295866215818847422269755043089389801025390625
0.9091053439451231010792753295390866696834564208984375
0.908326933508657230476046606781892478466033935546875
0.9075501003983037495714825126924552023410797119140625
0.91082342282056238946807980028097517788410186767578125
0.910045636400713231495274158078245818614959716796875
0.91330982530696480647947055331314913928508758544921875
0.91253109960392020383324052090756595134735107421875
0.91175394391237374325243081329972483217716217041015625
0.9150065508707598826987350548733957111835479736328125
0.9142284684791290860772505766362883150577545166015625
0.91345195007220514327173077617771923542022705078125
0.9126769909391907464879523104173131287097930908203125
0.9159156224965132597759520649560727179050445556640625
0.91513974777816986527767539882916025817394256591796875
0.91436542636256590288468260041554458439350128173828125
0.9135926535897931355378887019469402730464935302734375
0.91282142481856431981412924869800917804241180419921875
0.91205173542612050230360409841523505747318267822265625
0.911283580808138093942716295714490115642547607421875
0.9145010201236576374839160052943043410778045654296875
0.91373195707238019647178361992700956761837005615234375
0.91296442297349089667335420017479918897151947021484375
0.9121984132720175608710633241571485996246337890625
0.91540217739931695195565453104791231453418731689453125
0.9146352700417257342024868194130249321460723876953125
0.9138698813125654130118391549331136047840118408203125
0.913106006705520112376461838721297681331634521484375
0.91629621090204604882956118672154843807220458984375
0.91553144924625906586612700266414321959018707275390625
0.918712969171647131361169158481061458587646484375
0.91794733339274880989933080854825675487518310546875
0.917183204770895432744737263419665396213531494140625
0.916420578860196233250690056593157351016998291015625
0.91565945123222924895145524715189822018146514892578125
0.91489981747595605643397220774204470217227935791015625
0.91414167319763628416495748751913197338581085205078125
0.913385014020743124518730837735347449779510498046875
0.91262983558587917887194862487376667559146881103515625
0.9118761335506924137206397062982432544231414794921875
0.911123903589793115997963468544185161590576171875
0.9142755804190614288273764032055623829364776611328125
0.9135224781511965819191800619591958820819854736328125
0.91277084248950102196573652690858580172061920166015625
0.91202066915399548907572579992120154201984405517578125
0.9112719538813383035602555537479929625988006591796875
0.9105246924247445416966684206272475421428680419921875
0.90977888055390565558155913095106370747089385986328125
0.909034514054909426050699039478786289691925048828125
0.9082915887301610258219852767069824039936065673828125
0.9075501003983037495714825126924552023410797119140625
0.90681004489414096525479180854745209217071533203125
0.9060714180685576213392096178722567856311798095703125
0.90533421578844308630351633837562985718250274658203125
0.90459843393661387711546240097959525883197784423828125
0.90386406841173727588767405904945917427539825439453125
0.90313111512825461346665179007686674594879150390625
0.90239957001630610733400317258201539516448974609375
0.90550820061474512900900890599587000906467437744140625
0.90477577918902607478912614169530570507049560546875
0.9078761784940077017580506435479037463665008544921875
0.907142892824242874638684952515177428722381591796875
0.90641100923032846825577735216938890516757965087890625
0.9095009630453805282712664848077110946178436279296875
0.90876822610887708631111081558628939092159271240234375
0.90803688619227163059122176491655409336090087890625
0.90730693930407879665978043703944422304630279541015625
0.90657838146800440171091395313851535320281982421875
0.90585120872287294702118742861784994602203369140625
0.90892408758789378087072918788180686533451080322265625
0.90819606914956541032779568922705948352813720703125
0.90746943084097797527221018754062242805957794189453125
0.906744168741308254055866200360469520092010498046875
0.90980457411959447799887357177794910967350006103515625
0.9090784758960313016729060109355486929416656494140625
0.9121308972158554961850995823624543845653533935546875
0.9114039743445101482421932814759202301502227783203125
0.910678421733054133113682837574742734432220458984375
0.90995423551069709589000922278501093387603759765625
0.90923141182121358649936837537097744643688201904296875
0.90850994682287578019241891524870879948139190673828125
0.90778983668838464371475538428057916462421417236328125
0.9070710776048025447693134992732666432857513427734375
0.90635366577348575045647294246009550988674163818359375
0.90563759741001781389257985210861079394817352294921875
0.90866468352431140065306180986226536333560943603515625
0.90794779377670897790864046328351832926273345947265625
0.90723224275879399414179715677164494991302490234375
0.9065180267241215172902002450427971780300140380859375
0.9095330077370438193185009367880411446094512939453125
0.9125423742601841414767704918631352484226226806640625
0.9118252117293279557230789578170515596866607666015625
0.91110938221432846706449026896734721958637237548828125
0.914108902429161762626108611584641039371490478515625
0.91339228253227922049717335539753548800945281982421875
0.916384127176447460527697330689989030361175537109375
0.91937043136757090611155263104592449963092803955078125
0.918650932960745958411052924930118024349212646484375
0.92162962216650290425690172924078069627285003662109375
0.92090936642451148852472897488041780889034271240234375
0.92019043956765289582477862495579756796360015869140625
0.9194728379215904023880057138740085065364837646484375
0.918756557825520570048638546722941100597381591796875
0.9217214484379991912277318988344632089138031005859375
0.92100441829567547546986361339804716408252716064453125
0.9202887050131172141931301666772924363613128662109375
0.919574304965939948175446261302568018436431884765625
0.91886121454304703348725524847395718097686767578125
0.91814943014656968944819936950807459652423858642578125
0.9174389481918059363607653722283430397510528564453125
0.9203860722369594515868129747104831039905548095703125
0.91967484537061505722732590584200806915760040283203125
0.91896491636351573806251735732075758278369903564453125
0.9182562816663655258508924816851504147052764892578125
0.917548937742798553784950854605995118618011474609375
0.91684288106931999262627641655853949487209320068359375
0.91613810813524765297444218958844430744647979736328125
0.91543461544265414264742730665602721273899078369140625
0.9147323995063085799728241909178905189037322998046875
0.91403145685361908423516297261812724173069000244140625
0.91695497243037282775190988104441203176975250244140625
0.91987319657621846591410985638503916561603546142578125
0.919169507116013750902538959053345024585723876953125
0.91846708900081386328650978612131439149379730224609375
0.91776593878834911155450981823378242552280426025390625
0.91706605304876520623480473659583367407321929931640625
0.91997103196817153758502172422595322132110595703125
0.9192704213665707779767899410217069089412689208984375
0.918571070855980220670744529343210160732269287109375
0.9178729770399278731218828397686593234539031982421875
0.917176136534137764755314492504112422466278076171875
0.91648054596647476888193750710343010723590850830078125
0.9157862019768898687033242822508327662944793701171875
0.91509310121736697762884205076261423528194427490234375
0.9144012403518682052805388593696989119052886962890625
0.91371061605628101087717141126631759107112884521484375
0.91302122501836457946211567104910500347614288330078125
0.912333063937696753242789782234467566013336181640625
0.911646129525621962130799147416837513446807861328125
0.910960418505198266103661808301694691181182861328125
0.9102759276111453967672559883794747292995452880859375
0.9095926535897931319851750231464393436908721923828125
0.9089105931990293374411749027785845100879669189453125
0.90822974320824922944694890247774310410022735595703125
0.9075501003983037495714825126924552023410797119140625
0.90687166156144949358264284455799497663974761962890625
0.9061944235012975301657434101798571646213531494140625
0.90905507622462955463760181373800151050090789794921875
0.90837710588661291222223326258244924247264862060546875
0.9077003323188310712765769494581036269664764404296875
0.9105520892158953660810993824270553886890411376953125
0.90987459191578434758440607765805907547473907470703125
0.9127194141531733695416050977655686438083648681640625
0.9120412024024580066594580785022117197513580322265625
0.9148791210766120673980594801832921802997589111328125
0.9142002040726728839814541061059571802616119384765625
0.9135224781511965819191800619591958820819854736328125
0.91284594018050302377531579622882418334484100341796875
0.9121705870398806315080264539574272930622100830078125
0.9149959781742200704002243583090603351593017578125
0.9143199263170658230848175662686116993427276611328125
0.91364505533651796387317745029577054083347320556640625
0.9129713621412764990026289524394087493419647216796875
0.9122988436508219223242122097872197628021240234375
0.91162749679536803082413598531275056302547454833984375
0.91443860659240405741599033717648126184940338134765625
0.91376656663327138208074984504492022097110748291015625
0.91657093334652639526893835864029824733734130859375
0.91937043136757090611155263104592449963092803955078125
0.92216507336429442975855863551259972155094146728515625
0.92148866745461111005255361305898986756801605224609375
0.9208134328105723742652344299131073057651519775390625
0.9201393663925612198539738528779707849025726318359375
0.9194664651714699044049439180525951087474822998046875
0.91879472612865320524377921174163930118083953857421875
0.9215753973344005256507216472527943551540374755859375
0.920902998417379325957199398544616997241973876953125
0.92367706358117984688504975565592758357524871826171875
0.92300401331440584673515559188672341406345367431640625
0.92233212048575186070564768670010380446910858154296875
0.92166138211212988995413297743652947247028350830078125
0.92099179522069440917420024561579339206218719482421875
0.92375388858121676438628355754190124571323394775390625
0.9230836561604871537412009274703450500965118408203125
0.92241457139801230624698291649110615253448486328125
0.92174663134856127388871982475393451750278472900390625
0.92107983307697260944024719719891436398029327392578125
0.9238300575180595775037772909854538738727569580078125
0.92316261946010025329911741209798492491245269775390625
0.92249631940394483109457723912782967090606689453125
0.921831154441581812619688207632862031459808349609375
0.921167121674899558314564274041913449764251708984375
0.92050421821564343272115138461231254041194915771484375
0.91984244118537505929822373218485154211521148681640625
0.9225773734539697290557569431257434189319610595703125
0.92530766631243943631801585070206783711910247802734375
0.92464350104742021319026434866827912628650665283203125
0.9239804605330614872826799910399131476879119873046875
0.92331854191466622427952870566514320671558380126953125
0.922657742347189557818865068838931620121002197265625
0.925376437373576887779336175299249589443206787109375
0.92809054388515177524965338307083584368228912353515625
0.93080007348861271143647400094778276979923248291015625
0.9335050377515454744781209228676743805408477783203125
0.93620544820258777551913453862653113901615142822265625
0.938901316331592905584102481952868402004241943359375
0.9415926535897931604068844535504467785358428955078125
0.94092094913975110603843177159433253109455108642578125
0.94025037171059844265386118422611616551876068115234375
0.9429338103374880208917829804704524576663970947265625
0.94226267034021182755765266847447492182254791259765625
0.94493993392452113599944141242303885519504547119140625
0.94426823887407407287497562720091082155704498291015625
0.943597666121121392279746942222118377685546875
0.94292821285523553687113462729030288755893707275390625
0.9422598762753644496825700116460211575031280517578125
0.9415926535897931604068844535504467785358428955078125
0.94092654201610448350123760974383912980556488037109375
0.9402615387811408265150703300605528056621551513671875
0.939597641120965221261940314434468746185302734375
0.93893484628082302112517254499834962189197540283203125
0.9382731515151043755196269557927735149860382080078125
0.94092930367271188085709354709251783788204193115234375
0.9402670529269927524040895150392316281795501708984375
0.939605898622905666428550830460153520107269287109375
0.9389458380397517345272717648185789585113525390625
0.93828686846582620706413990774308331310749053955078125
0.93762898719838105865420629925210960209369659423828125
0.936972191543588461826175262103788554668426513671875
0.9363164788165037055733819215674884617328643798828125
0.9356618463410286690162820377736352384090423583984375
0.9350082914498754060872443005791865289211273193359375
0.93435581148452995225994754946441389620304107666015625
0.9337044037952162423010804559453390538692474365234375
0.93305406574086047211125105604878626763820648193359375
0.93568617286788990927703935085446573793888092041015625
0.93503527654061280305342052088235504925251007080078125
0.93438544638258591579216272293706424534320831298828125
0.93373667977637253567735342585365287959575653076171875
0.93635962006567208248952738358639180660247802734375
0.93571030064861659969466245456715114414691925048828125
0.9383273474673441416626928912592120468616485595703125
0.9409401250416691286915238379151560366153717041015625
0.94028866010976053235737026625429280102252960205078125
0.94289558518588434399276820840896107256412506103515625
0.94224358930989071669870327241369523108005523681640625
0.9415926535897931604068844535504467785358428955078125
0.94419216618118217976274308966821990907192230224609375
0.943540705537845081352088527637533843517303466796875
0.942890301602769653754876344464719295501708984375
0.9422409518069729816858171034255065023899078369140625
0.9415926535897931604068844535504467785358428955078125
0.9441816503535471749586349687888287007808685302734375
0.9435328314394293425237947303685359656810760498046875
0.94288506069803224018954779239720664918422698974609375
0.94223833559140734994485910647199489176273345947265625
0.9415926535897931604068844535504467785358428955078125
0.94094801217158197115253415176994167268276214599609375
0.94030440882328747420615400187671184539794921875
0.93966184103951155837108899504528380930423736572265625
0.93902030632291211276196918333880603313446044921875
0.9415926535897931604068844535504467785358428955078125
0.9441608718883485185102699688286520540714263916015625
0.9467249711519423183148091993643902242183685302734375
0.9460798330769726316447076897020451724529266357421875
0.9454357280493608239879677057615481317043304443359375
0.94479265358979314104459490408771671354770660400390625
0.94734804927324633982976820334442891180515289306640625
0.9467044746760551188202725825249217450618743896484375
0.946061927332809915469624684192240238189697265625
0.9454204047859653403662605342105962336063385009765625
0.94477990458580907162655648789950646460056304931640625
0.9441404242904301025163249505567364394664764404296875
0.9435019614656880992953347231377847492694854736328125
0.94286451368518264803952888541971333324909210205078125
0.94222807853022205737403282910236157476902008056640625
0.9415926535897931604068844535504467785358428955078125
0.9409582364605306725735545114730484783649444580078125
0.940324824746686882548374342150054872035980224609375
0.93969241606010189826747591723687946796417236328125
0.9390610080201728937510097239282913506031036376953125
0.93843059825382468819299219831009395420551300048828125
0.94096074205740765084016175023862160742282867431640625
0.94032982801757525326280529043287970125675201416015625
0.93969990911029788183128630407736636698246002197265625
0.9390709829830161670116694949683733284473419189453125
0.9384430472905804787586703241686336696147918701171875
0.93781609969522194969471229342161677777767181396484375
0.93719013786652272113286699095624499022960662841796875
0.9365651594813877434120286125107668340206146240234375
0.93594116222401602112057616977836005389690399169921875
0.9353181437858715252531283113057725131511688232421875
0.93469610186565521559032276854850351810455322265625
0.93407503416927628592247856431640684604644775390625
0.93345493840982440847398038386018015444278717041015625
0.9328358123075413121938481708639301359653472900390625
0.93221765358979313820242396104731597006320953369140625
0.931600459991042129104243940673768520355224609375
0.9309842292528196505685400552465580403804779052734375
0.93036895912369799166441453053266741335391998291015625
0.93286991215677128597150158384465612471103668212890625
0.93536697265594093142482279290561564266681671142578125
0.934749729795080863681278060539625585079193115234375
0.9341334461305856873281072694226168096065521240234375
0.9335181194283024286306726935436017811298370361328125
0.9329037474610111235762133219395764172077178955078125
0.935391103202196205756990821100771427154541015625
0.93477623221101702188917670355294831097126007080078125
0.9341623130325176216359750469564460217952728271484375
0.9335493434583159721995571089792065322399139404296875
0.9360285113950481683531279486487619578838348388671875
0.9354150474121869507371229701675474643707275390625
0.9348025301330029623869677379843778908252716064453125
0.9341909573677422695681116238120011985301971435546875
0.93666199103201197573298486531712114810943603515625
0.93604992841658296587326049120747484266757965087890625
0.93851573051287007221077374197193421423435211181640625
0.9409777419833365019741222567972727119922637939453125
0.9403637749415596491786573096760548651218414306640625
0.942820589123177565937794497585855424404144287109375
0.942206150522308494288381552905775606632232666015625
0.9446577876894100000981779885478317737579345703125
0.94404288329882835029138732352294027805328369140625
0.94342891984840060448647136581712402403354644775390625
0.9428158951800071907456413100589998066425323486328125
0.94525957490377321423835610403330065310001373291015625
0.94464608870429689346792656579054892063140869140625
0.94403353841054060691106997182941995561122894287109375
0.9464707023702809696175108911120332777500152587890625
0.9458576954785973267547660725540481507778167724609375
0.94524562162632275175155882607214152812957763671875
0.9476763037799071920375126865110360085964202880859375
0.9470637782098538792752151493914425373077392578125
0.9464521828228986688458235221332870423793792724609375
0.9488764168674865828734255046583712100982666015625
0.95129697504544130648440614095306955277919769287109375
0.95371386571100524864874614650034345686435699462890625
0.9561270971931239426311321949469856917858123779296875
0.95551095918737249945706935250200331211090087890625
0.95791918420203803208323733997531235218048095703125
0.95730262337831273367072526525589637458324432373046875
0.9566869932124346664892300395877100527286529541015625
0.9560722915988428827205325433169491589069366455078125
0.9584728344488737672435263448278419673442840576171875
0.95785771383075701823628378406283445656299591064453125
0.95724351890205794379795634085894562304019927978515625
0.95963776637174802441876408920506946742534637451171875
0.9590231569707097225574443655204959213733673095703125
0.96141247340961288880833990333485417068004608154296875
0.9637982049776401272112025253591127693653106689453125
0.96618035973671967386877668104716576635837554931640625
0.9655626910429766507348858795012347400188446044921875
0.96494594700296676403894480245071463286876678466796875
0.96433012554192476528669430990703403949737548828125
0.96670476121311155193183139999746344983577728271484375
0.96907585000502838301628116823849268257617950439453125
0.9684583252315841495061476962291635572910308837890625
0.96784172144959923489437869648099876940250396728515625
0.96722603660022532512385851077851839363574981689453125
0.96958967518324057355272316272021271288394927978515625
0.9689736059707454440825813435367308557033538818359375
0.9683584528462987339736400826950557529926300048828125
0.9677442137680991596226931505952961742877960205078125
0.96713088670040925354243199763004668056964874267578125
0.96651846961353193865562616338138468563556671142578125
0.9659069604837886569015381610370241105556488037109375
0.968259320256459776743440670543350279331207275390625
0.97060819763124384085273277378291822969913482666015625
0.9699950204536984532666110681020654737949371337890625
0.96938274967257209713267229744815267622470855712890625
0.96877138327960110597558696099440567195415496826171875
0.96816091927244996018231404377729631960391998291015625
0.96755135565468985969772575117531232535839080810546875
0.96694269043577685263102239332511089742183685302734375
0.9663349216310301859067521945689804852008819580078125
0.96572804726161065591583110290230251848697662353515625
0.9651220653544989591665625994210131466388702392578125
0.96451697394247493111407720789429731667041778564453125
0.9639127710640955637444449166650883853435516357421875
0.9633094547636742444041146882227621972560882568359375
0.96270702309125943951784165619756095111370086669921875
0.9621054741026136003512192473863251507282257080078125
0.961504805859192845929328541387803852558135986328125
0.9609050164281252026654556175344623625278472900390625
0.9632300804903779489762882803915999829769134521484375
0.9626299070594790396881990091060288250446319580078125
0.9620306097941726530820005791611038148403167724609375
0.9614321867772475105340390655328519642353057861328125
0.96083463609708175123813589380006305873394012451171875
0.96023795584762272614653966229525394737720489501953125
0.959642144128366680888575501739978790283203125
0.9590471990443385497115968973957933485507965087890625
0.95845311870607219351114736127783544361591339111328125
0.96076476687955347788516746732057072222232818603515625
0.96017030235612110811160846424172632396221160888671875
0.95957670000023542744571614093729294836521148681640625
0.9589839579376191469606283135362900793552398681640625
0.958392074299423857297597351134754717350006103515625
0.95780104722220993362924446046235971152782440185546875
0.9572108748479275508458385957055725157260894775390625
0.95662155532389714363006305575254373252391815185546875
0.95603308680278953346487469389103353023529052734375
0.955445467442606943819782827631570398807525634765625
0.954858695406664015337128148530609905719757080078125
0.95715461324397177467204755885177291929721832275390625
0.9565674556056318333929766595247201621532440185546875
0.9559811427984261644752450592932291328907012939453125
0.958271302044142458953501773066818714141845703125
0.9576846076127816242973267435445450246334075927734375
0.9599702558869933621821246561012230813503265380859375
0.95938318443627801368478458243771456182003021240234375
0.96166433817760677005281877427478320896625518798828125
0.96107689427747222676856608813977800309658050537109375
0.96049029138506869518465691726305522024631500244140625
0.95990452769565859370004545780830085277557373046875
0.9621787865419018093149361448013223707675933837890625
0.96159265358979306714815038503729738295078277587890625
0.9610073573728052931386400814517401158809661865234375
0.96327596314756769313447648528381250798702239990234375
0.962690301487155952742114095599390566349029541015625
0.9621054741026136003512192473863251507282257080078125
0.96152147921256891915930964387371204793453216552734375
0.96093831504071769433750205280375666916370391845703125
0.96319890803186847261230241201701574027538299560546875
0.9626153808625204089111093708197586238384246826171875
0.96203268197872138234316707894322462379932403564453125
0.96145080961816187237189978986862115561962127685546875
0.960869762023528029004637573962099850177764892578125
0.96028953744248435331343216603272594511508941650390625
0.95971013412765582284436050031217746436595916748046875
0.959131550336610683160643020528368651866912841796875
0.961380639455517549407659316784702241420745849609375
0.96080169313781571549526461240020580589771270751953125
0.9630464291720091107862344870227389037609100341796875
0.96246712467582984373848375980742275714874267578125
0.961888636676473840481094157439656555652618408203125
0.9613109634489480637142833074904046952724456787109375
0.963549022344191374855881804251112043857574462890625
0.96297099395547525180205639117048121988773345947265625
0.9623937779748950038793964267824776470661163330078125
0.961817372690916716493347848881967365741729736328125
0.961241776396810632121514572645537555217742919921875
0.9606669873906346079905915757990442216396331787109375
0.96289608736694798363231484472635202109813690185546875
0.9623209449063196974094580582459457218647003173828125
0.96454576765557342721280065234168432652950286865234375
0.96397027596741546862091354341828264296054840087890625
0.96339558860027529885172725698794238269329071044921875
0.9656149999585081911135375776211731135845184326171875
0.96503996691847415689835543162189424037933349609375
0.96725513615604141737236432163626886904239654541015625
0.9666797616037303697567040217109024524688720703125
0.9661051884087346053320288774557411670684814453125
0.9655314148980742583461278627510182559490203857421875
0.967740080571712457668809292954392731189727783203125
0.96716596839173896160701815460924990475177764892578125
0.9665926535897930715890424835379235446453094482421875
0.9660201345058236910290361265651881694793701171875
0.96544840948438392924657591720460914075374603271484375
0.9648774768746164465227366235922090709209442138671875
0.96430733503023635666551172107574529945850372314453125
0.96373798230951635002128341511706821620464324951171875
0.9631694170752702621740581889753229916095733642578125
0.962601637694838085934634364093653857707977294921875
0.96203464254006931799523272275109775364398956298828125
0.9614684299873086370524788435432128608226776123046875
0.96366161910703451720650036804727278649806976318359375
0.9658517852231494060788463684730231761932373046875
0.9652841136448895298372008255682885646820068359375
0.96747014842805878487297377432696521282196044921875
0.9669021446489403093238479414139874279499053955078125
0.9663349216310301859067521945689804852008819580078125
0.9657684777656172503412790319998748600482940673828125
0.967948178641268697219857131130993366241455078125
0.9673814053044706984252343318075872957706451416015625
0.9668154089016505192688555325730703771114349365234375
0.9662501878363685126061000119079835712909698486328125
0.96568574051655564627338890204555355012416839599609375
0.9651220653544989591665625994210131466388702392578125
0.96729326876409249535981871304102241992950439453125
0.96946150604880954038122808924526907503604888916015625
0.9688964078560047266108767871628515422344207763671875
0.968332080602071432195998568204231560230255126953125
0.9677685227104475540471639760653488337993621826171875
0.96720573260886666400182321012835018336772918701171875
0.9666437087293437979695909234578721225261688232421875
0.96608244950816046792141378318774513900279998779296875
0.96552195338585022899025034348596818745136260986328125
0.9649622188071844686163558435509912669658660888671875
0.9644032442211576405810546930297277867794036865234375
0.963845028080973609263537582592107355594635009765625
0.96328756884403043958542411928647197782993316650390625
0.96273086497190696331216486214543692767620086669921875
0.96217491493034834615372119515086524188518524169921875
0.96161971718925187690985012523015029728412628173828125
0.961065270222653200704598930315114557743072509765625
0.963214275211414783228747182874940335750579833984375
0.96265950031497882211084515802212990820407867431640625
0.964804529433247903824621971580199897289276123046875
0.96424943039356925122973507313872687518596649169921875
0.9636950794658039054496612152433954179286956787109375
0.9631414751386146999578841132461093366146087646484375
0.96528040594510944316652967245317995548248291015625
0.9647264800860944067295577042386867105960845947265625
0.96417329875108348513634837217978201806545257568359375
0.96362086044002814855247152081574313342571258544921875
0.96306916365690720116532475003623403608798980712890625
0.96251820690971268135172067559324204921722412109375
0.96464895385788962389739253922016359865665435791015625
0.96677684648999406835656600378570146858692169189453125
0.966224514366232245521359800477512180805206298828125
0.96567292114832159466430994143593125045299530029296875
0.9651220653544989591665625994210131466388702392578125
0.9645719455069607928265895679942332208156585693359375
0.96402256013184917105007798454607836902141571044921875
0.963473907759239356352054528542794287204742431640625
0.96559265358979307070086406383779831230640411376953125
0.96770857630798101656210974397254176437854766845703125
0.96715856570697023020244387225829996168613433837890625
0.966609286989660088096343315555714070796966552734375
0.9660607386961761466892539829132147133350372314453125
0.96551291937052396985308178045670501887798309326171875
0.96496582756057669438831680963630788028240203857421875
0.96441946181806115223622555276961065828800201416015625
0.963873820698546435181697233929298818111419677734375
0.9633289027614300170654360044864006340503692626953125
0.9627847065699255413306900663883425295352935791015625
0.9622412306910506085699807954370044171810150146484375
0.96169847369561323180420231437892653048038482666015625
0.96115643415820029016316539127728901803493499755859375
0.9606151106571643172316044001490809023380279541015625
0.962714765801014227264431610819883644580841064453125
0.96481165095127063846547343928250484168529510498046875
0.96426898846124997621842567241401411592960357666015625
0.96372704094157179977031546513899229466915130615234375
0.963185806980181524750150856561958789825439453125
0.9652768641161089124835825714399106800556182861328125
0.96473532288630858833045067513012327253818511962890625
0.96419449327441864028287454857490956783294677734375
0.96628076915118510381574878920218907296657562255859375
0.96836430713310017726058731568627990782260894775390625
0.96782216178651447879843772170715965330600738525390625
0.96990195896331865554884643643163144588470458984375
0.96935951672011400059858488020836375653743743896484375
0.9714355855269658501782714665750972926616668701171875
0.9708928497964641746165170843596570193767547607421875
0.97035082352443369213546020546345971524715423583984375
0.96980950532068799230245303988340310752391815185546875
0.9692688937986704278415572844096459448337554931640625
0.971338250458677610055246987030841410160064697265625
0.97079734720126642510962255983031354844570159912109375
0.9728630118959820105573044202174060046672821044921875
0.97232182025645974565719598103896714746952056884765625
0.9717813328350761725715756256249733269214630126953125
0.97124154825819364322825322233256883919239044189453125
0.973301555474133550660553737543523311614990234375
0.9727614847586243396193594890064559876918792724609375
0.9722221149785017502154005342163145542144775390625
0.97168344477007850823468970702379010617733001708984375
0.9711454727732020675290414146729744970798492431640625
0.97060819763124384085273277378291822969913482666015625
0.97007161799108765354304750871961005032062530517578125
0.96953573250311786413391246242099441587924957275390625
0.9690005398212087062148611948941834270954132080078125
0.97105001793087841743812305139726959168910980224609375
0.97051453867694614796590713012847118079662322998046875
0.9699797503639866480540376869612373411655426025390625
0.9694456516555571834459215097012929618358612060546875
0.9689122412186590427296550842584110796451568603515625
0.96837951772372743430850050572189502418041229248046875
0.970421482418621916821166450972668826580047607421875
0.9724608207923655101012627710588276386260986328125
0.97192684382115557273351669209660030901432037353515625
0.97139355275485417262615328581887297332286834716796875
0.9734283403677135293463607013109140098094940185546875
0.97289477033129412308909422790748067200183868408203125
0.97236188435902393134568910681991837918758392333984375
0.97182968113623768857678442145697772502899169921875
0.97129815935163688056519504243624396622180938720703125
0.97076731769727875320796783853438682854175567626953125
0.970237154868565543353042812668718397617340087890625
0.96970766956423404270282162542571313679218292236328125
0.9717331389026921950602400102070532739162445068359375
0.97120337471295836717644078817102126777172088623046875
0.9706742862428543450192819364019669592380523681640625
0.9726952667191748336250611828290857374668121337890625
0.9721659019974364657201704176259227097034454345703125
0.971637211196413108638125777360983192920684814453125
0.97110919302999665347897462197579443454742431640625
0.97058184621534937530640263503300957381725311279296875
0.97005516947289349705130234724492765963077545166015625
0.9695291615263010864822490475489757955074310302734375
0.96900382110248350908676684412057511508464813232421875
0.96847914693158132504180457544862292706966400146484375
0.96795513774695407516190925889532081782817840576171875
0.96996504117687354362686846798169426620006561279296875
0.97197240042523613823277628398500382900238037109375
0.9714471760439360448202705811127088963985443115234375
0.97092261566311799381168157196952961385250091552734375
0.9703987180244109111981742898933589458465576171875
0.969875481872621403311995891272090375423431396484375
0.9693529059557237648192540291347540915012359619140625
0.9688309890248498756903927642269991338253021240234375
0.97083020872526881728248326908214949071407318115234375
0.97030801882908779276704080984927713871002197265625
0.9697864861889120557947308043367229402065277099609375
0.9692656095646359215578513612854294478893280029296875
0.96874538771927143354645295403315685689449310302734375
0.97073838223300923377934168456704355776309967041015625
0.9702178889946895257168080206611193716526031494140625
0.9696980488219135718708230342599563300609588623046875
0.96917886048634482865082873104256577789783477783203125
0.96866032276272540091355267577455379068851470947265625
0.96814243442886638302269375344621948897838592529296875
0.9676251942656379778640030053793452680110931396484375
0.9671086010569600599495743153966031968593597412109375
0.96909265358979312932063976404606364667415618896484375
0.96857578913008046672672435306594707071781158447265625
0.9680595699443499402292445665807463228702545166015625
0.97003931609759097565159891018993221223354339599609375
0.97201659373941906583382888129563070833683013916015625
0.9714991956458678412644758282112888991832733154296875
0.9709824418836909831753700927947647869586944580078125
0.972955441393153375173596941749565303325653076171875
0.97492598692312648633873095604940317571163177490234375
0.97440806688997960716136503833695314824581146240234375
0.97389079023575586546712656854651868343353271484375
0.97585708561958828255455955513752996921539306640625
0.97782094143098419181114877574145793914794921875
0.9773025109983486391485030253534205257892608642578125
0.97678472298260599071539900251082144677639007568359375
0.976267576190412267322926709312014281749725341796875
0.97822631695612971558517756420769728720188140869140625
0.97770891827748640512396605117828585207462310791015625
0.97966434703849525345020765598746947944164276123046875
0.98161736019881107306872536355513148009777069091796875
0.98356796223176845561653180993744172155857086181640625
0.9830485450148394033220711207832209765911102294921875
0.9825297682630360629474353117984719574451446533203125
0.9820116307925041976290003731264732778072357177734375
0.98149413142230546025501780604827217757701873779296875
0.9809772689744085116814176217303611338138580322265625
0.9804610422736799169030064149410463869571685791015625
0.9824039627477525460363949605380184948444366455078125
0.9818874938846333666475629797787405550479888916015625
0.98382715328285630373983394747483544051647186279296875
0.983310445000836086393292134744115173816680908203125
0.9852468534671690036930158385075628757476806640625
0.98472990849175390248859685016213916242122650146484375
0.9866630761250043679666532625560648739337921142578125
0.98614589716384448703223597476608119904994964599609375
0.9856293508374995848697608380462042987346649169921875
0.9851134359858810807253348684753291308879852294921875
0.98459815145173568140535280690528452396392822265625
0.98408349608063561131388041758327744901180267333984375
0.98600998122859728756139929828350432217121124267578125
0.98793411700442723688553314786986447870731353759765625
0.98741836961660600646695229443139396607875823974609375
0.9893393040161024831746772179030813276767730712890625
0.988823329183219801308268870343454182147979736328125
0.98830798205694636582308021388598717749118804931640625
0.9877932614925286625151557018398307263851165771484375
0.98727916634799484096873811722616665065288543701171875
0.98676569548414649890588634661980904638767242431640625
0.98625284776455035551379069147515110671520233154296875
0.98574062205552992477208817945211194455623626708984375
0.98522901722615674469096802567946724593639373779296875
0.9847180321482424947276967941434122622013092041015625
0.98420766569633066911393370901350863277912139892578125
0.98369791674768780609383611590601503849029541015625
0.98318878418229616045209695585072040557861328125
0.982680266882844488662840376491658389568328857421875
0.9845878226719186887549994935397990047931671142578125
0.984079074833003719646740137250162661075592041015625
0.98357094068267614250800079389591701328754425048828125
0.9830634191111915498595408280380070209503173828125
0.98255650901147983944383668131195008754730224609375
0.98205020927913688755239718375378288328647613525390625
0.98154451881241644439768379015731625258922576904296875
0.98103943651222247357424066649400629103183746337890625
0.9805349612821008253860100012389011681079864501953125
0.98003109202823157630746209179051220417022705078125
0.97952782765942092435551558082806877791881561279296875
0.97902516708709363957297000524704344570636749267578125
0.97852310922528473735582110748509876430034637451171875
0.97802165299063192893669338445761241018772125244140625
0.97752079730236796084597017397754825651645660400390625
0.979414317264239553395555049064569175243377685546875
0.9789132277524725811446160150808282196521759033203125
0.9784127372718014470365233137272298336029052734375
0.98030233100914798693992224798421375453472137451171875
0.97980160881367373004735554786748252809047698974609375
0.9793014841387190916321969780256040394306182861328125
0.97880195591537455523933886070153675973415374755859375
0.9806868133037383028494105019490234553813934326171875
0.98018705501921543632448674543411470949649810791015625
0.97968789168503123132580867604701779782772064208984375
0.981568858229888263622342492453753948211669921875
0.98344758819145783323989462587633170187473297119140625
0.982947377297457958178483750089071691036224365234375
0.98244776047815418618114335913560353219509124755859375
0.9843226239162026214302159132785163819789886474609375
0.9838227840761513132150639648898504674434661865234375
0.98332353681445228144042403073399327695369720458984375
0.98282488107794474530010120361112058162689208984375
0.98232681581596248410193084055208601057529449462890625
0.98182933998032562161739633666002191603183746337890625
0.981332452525334186788086299202404916286468505859375
0.98320021860161344040562880763900466263294219970703125
0.98270310840373287231130916552501730620861053466796875
0.98220658511281555558269928951631300151348114013671875
0.9817106476900880895897216760204173624515533447265625
0.98357378566526476593168126782984472811222076416015625
0.9830776270724095322606217450811527669429779052734375
0.9825820528830793154639877684530802071094512939453125
0.98208706206536700022979857749305665493011474609375
0.98159265358979308491171877903980202972888946533203125
