510 110000100101010
62397 1010000000000
12562 1110101001001101
4082 11001000000111
1028 111011110
330 101001000
25769 1110111001111001
206708 1101010100
11879 1111101011001
5778 10101011011
7692 111001000011101
10032 100111011011001
11304 1000100101100000
20187 1100010001101001000100010
602 10101000000000
7135 11110101110
14941881 1000110011
27979 100000110
36634 1100010111010
12264 100000000111000
42183 1010111010001100
13486 1100001101011011
16863 1011000000011111010110
28587 10010001100000
34983 101101000001001
7470 1100010101101101
19946 111101000
9998 1101011010110000
2591 100101101101011
1437 11101011111010
32164 11011011100110
40159 11101110
475 1110110000000101110
1148 1001110100100
10064115 1110101000101111
22843 111101001001001
454009 111111110000101
1521 110101110010101
44087 1100101100110
24467 1100000011
14593 10000001101
26958 101011000111011
22472 1010010010111011
30017 11000110001011101011011
8606 100010111001001
23546 1011111010011001
16311 10110101100001
412 110001011100111
494 1111001011100
28131 11110111110110
53753 1010001010101
160 1000011000
21174 100101001
845 1010111100000011
24831 11101011000110
2215 1000010000100
5504506 101010000111001
677 1100100000111
271 101101001
1037 11010010010000
10918 1000110110100011
16911 10110100010011
1086 11010011111000
11943 1100000100001
31762 100010010011110011100
9404 1110111111001
483540 1101010011
15599 101100110010000100111
21344 100101001111000
9890 1001001001
35277 10001011100
225 1010000100
1058 110001001110011111011000
5995 10011010101010
734 1001101010
4957 10011110
28904 10100100111000
20320 10100101100111
28766 101100111010
19632 11110001010101
792 1100101101001
838 111110010101
44836 1100001100
8708 1101101000100
2847 101101011000100
3969 110010010111111010111
704 11000111010111
25553 111000111
26816 11101010101000
2034 10011100010010
23467 1110101000
495 1011111110
16152 10101111011000000101
697 101111000
16356 1111000101
35983 1001011000111
9216592 101111000111101101010
4399805 110000111000111
3764 1000010001
29843 10000100010
383 100111100101000
27365 1011111111110
275 1000101011100111101111
996 1101111000010
31670 1001010110101000
218 1011110100111
41152 11011000111110
6633 101011011000001
4602 1111010011010000
320 1101111111111011
1097 11001010100011
9993 11000000101001
288 100110000111000
1497 110111010110110
431 1000000110011000
4345 10100101110
23545511 1010001101010111111110
1304 11111101010110
31820 1010101100100001010100001
418801 1100101001001111
6436 11110011100011111011001
32717 110111101011110
203 1011101001101
19510 100101100101011
7173 100101111100010
1321 100010010011001101
10367 110001110
11627216 100011010001110
5794 1100001000
912 1001010110110110
9093 10011100
3992 10110000101001
47320 1101010000101000
11002 1010011111101110
434 101111100110
587 110110100001
13670 110010110101111
246 11000010001100
21525 101100101101111
25970 1101011000
29914 100111100000011
364 1001110101001111
54715 10001111100
16974 100111011010001
5396 111010110000000110000110
11667 1111001011
380 1101000010
311664 100001101111001
9958 101101010100001
338 1100110001010111
1926 1001000100111
26875 101101010111110
483 10101111000010000001010
30406 101110100000101
5464 1100001011110
60911 1100010011000
744 10111010100
1107 10111111
4215579 11101110011110
17243 1101111101
666 1011100011
367 100011100011110
1317 110000110111001010011100
32483 101000111001100
1175 111100010
32777 10000111001101001001110
1134 1111101011010
18184 1100111101100
297 1100011111
9273 10011011001110
8428 110000011010111
1072 10101000001110
8238 111010110101110
10442 1100000001001
21593 1101010011010
36043 100100110000100
12429 1101000100001110
2658 110100101001000
5489 1101011001
563 111100100100101
818 10111110110111
41265 1000010100101010
16239 10000001100000
2999 111000100000111
10090 101011010111100
9476 1001011001001000
27902 1100101100
8452 1000010001000101
56044 1010001011001110
21320 110110101011110
38684 10111010100
15659 110000110100100
42001 1010010000010001
1293 100011000001110001100110
9677397 1101110110010111101100
606 1001101100011
678 1100011110000100
5283119 1101110000111000
35379 1001101100
648 1010111100
22056 111000101111
26960 111000010011100
391 100001110
3223 1101010
1338 111101101001111
15825 101110101
18846 110000110001101
730 100100110100111
8572639 100000111100100
12146127 100010100
3879 1111111100001
23167 1111111110
10598 1101111100
527 11111110111001
2940 100000010001111
11562 111001001101101
53728 1111010110
3503 1011001011
20137696 10011100011110
19817 100010110101110001000100
992 1000101100110001011000111
729 1011101111010110
791 1001110010111011
773 11001111010011
4873 1011010001010011010010000
6436423 1011111011001001
3531 1000011000011
297 11100111110011
15434 101001110110000
2828 1111011001010
19118 1011101001001110
7856 10010010101100
15574 111101000000100
447 1000001110011
14466323 11001100110000100100110
13406 1011110110110
1146 1000110000110111
50342 1100111001101
53457 11101101001
14681 1010100011010111
305 110010110111100
29582 101101100101101
309 100101011000110
5122 1001010000111
554 10011000001000
9334 101100011
5380 10101110100101
1030 10011001011101
3881 100010110
28947 111011000000000
617 1011010010
405 1010001101110111
2072785 1101111000
24308 1100010000001110110111
15460 11001010000
298 100101101
859 1001100011
953 1010111111
875 1101011100010
489 10000101111
12933036 11100010001111
2994 11110111100110
13003 1101010101101
191 1000100011110111
109 1101001101001011010
1969 1100010100
571 1010000011001001
443 1100110000100111
6783277 1001010101
30081 1000111011
23391 1101111110
26391 11001001010110
8309 10001011111
53517 11110110000
735 1000001011011111
531 110101001101
130 1001000101
32357 110000001111100
749 1001101010101101
24594 11100000101
19140 1010000100101
31838 10000011110
2673 1010000111
156 11001010
43006 1001001100101011
756 100101001
775 1001111111111010011111
52160 111100001011100
38466 10000011010100
25768 101001101101
27803 110111111
17989 110000010001100
13481088 111001110000
708 1100100110001
25070 110010000
984 10101011000101
17731 1001101000
1098 10101000111010
715 110011001001
24551035 100100110110000
10569 11000100
29056 1101000011001011
5572550 1101000000
6076 1000011001
532 1011100100011
22074 10101001001101
1980 1110010111011
10989 1000110110011000
738 111100100110
10063 100111100011011
1081 100100010111
199 1010100100110
658 1101001001
18111 110010001
6476 111000010011000
6511915 101101011100111
32682 10000010001011
842 1101010111110
51835 110000011101001
1414 10110000010
42533 110111101000100
18136 10010101001101010000110
934 1110100101
734 10011100111000
46120 1101100100
476 111010111111110
19661 1000111110001010110100001
11643 11010001101001000111000
4363 111010101011111
944 10110110011011
22082 110101101011
46295 111100110010011111100000
30304 101000110100100
793 110011101110110
634 11000011111110
232 11110111010001
55901 1001000010
523 111010011
35624 11001101010000
8124 1011010000
3381 10010001001
830 11111011101100
898 1111011100011
18061404 100001110111001
37454 100011110001
16052 10110110000011
744 11110001000011010010011
22058 10011010001
867 11111100011100
63 1010001000
806 110000001001
16246 11001010011110
817 101000011101
30002 10110101000000
16862 1001101111
9194 1011001010101
19616 1011111110
22476 100101100110010
5322 1101110111
6342 101111011101100
40266 111110011111
48211 1110110100
356 1101011001001010
452 10010011000000
780 1110010110
1115 100100110111010
667 10001101101010010001010
5580 1010110010001
569 11000100001010
7357 10010100010
16613 10000111100
13441 101000010110
15421 10000101011
10795 1100000110
469 1110000011111
9544 1101110000
13362 10100101
23090 100100111010
20379 1110110111111
60723 1101110100
25134 100101000011010101101101
922 110001010100000
662 1100101101100001010110001
792 1000011111010001
1001 111000101000011
281 100010000100000
18079 1001100010000
6926955 1011010101
1858 110001011100010001100
529 11000011100000000
16914 1011001101
989 101001110000011
9791185 11001101111001
391 101001011111101
36187 1011100111
19729 101010101101101
33536 10011110110101
42797 1110001001111
9930 1111110100010
507 100101010110011
14228 100110110000
9730 111011100100
39757 1101101101010
28583 1010111110111010
6313 11011101110
11817 11110110110110
415 10011010011
2215 1010001101000000
404 11011101000
17117 1011110010110000
20230 10001011011111
828 1000000111
670 11001110110001100101110
13614 10010010001
841 10010111110
13482 1110110001010011110011
7002 1101110010111000
24481 10011010010011
964 1010011110
1048535 101000000000101
479 10000100011
31941 11000011101010101001001
27612 111011101100001
15697 1100000001
1900 10001100011111
38950 11011011011011
11499291 100111100111011000010001
10290149 10000001001100
38921 1111111
1701 1000010011100011
675 10000101010
7376 1111000110
274 110001100
1024 111101101
1046 11010100101111
802 100100110100001
513 1100010011111
565 110000001010101
1127 11011011110111
52344 110010101001001
1138 1100110111
23531 1010101001
403 10111011100100
45026 111110010110101
462 110001100110010
8969 1011100100001
2065 10100111100101
14478210 110100101
48535 10101010011001
25470 1001100110010
76 100101001011001
16745 11101010010001
11272 1000100010010
867 100010100111010
985 100111110100111
18516 1011101101101110
166 100100011
5480165 1001101100111
48856 1000010010110111
21130 1001100000010110101
925 1001110011110010011111111
849 101010101100011
19607 10111001100010
8586 1001101000011
40926 10110101000100
267 110101100110100110100010
49290 1010100111010001
734 110001101001110
485 1000000100
17874 10001101010000
56164 100011111111
2137 111011000110111010100
11731 1010001111
25201 1010111100100111
735 1010111111
9041 1101100111
15514 111000101000001
422 100101100001000
452 101010101111100
734 1110101010000010011
13367070 1001110000
50994 101011100
699 1000010101101
4722 1010010110
25356 1110111111
11262 11101100001
986 110111100100
21256646 1011101010100110
641352 1010111001000
20271 1010100110
35246 1011111101
469 100001001101000
19891 1010111000111011
28517 101000100010000
55784 101111101
12409 1010101111010010001000100
4669 111100101001111110110000
22308573 1000111000111000
47221 101100010101000
539 1011100111
11360 100010001011100101001011
23492 10101000110000
6541 11111101111110
9887 111111100001
29052 101100001101000
45216 1111100100010
1027 110100000101011
9694 10001011100110
31909 1001111111
7542 1001100100011111
11213 1000010011001101111010110
34383 110000001001
1047 10000001101011001011001
791 101101110010001
1250 1001101010011
3875 10100010100101
377 111010001111010
3422 1001000100000110
49206 101011101101000011111001
354 10000001010
11145114 101100001110101
14031 1011011000001011
453 101011100101110011011000
9555 11110101110111
2922 101010010011001111001000
49042 10000000000
1160 11110101100
1023058 1001101010110011
19429 100101011101
3317 111001000010
44209 1000001101011
6257 111111011000011
14964630 1010000110101011
3471467 1001000110100001
625 1000100010111
718 1111001111010
2725 10001100010011
573 11000011101010
3145 1111101100100100
1169 11010010101111
9607 110001101110101
3234565 1001011000110
721 101000011
17773 1101001111111011
8639 1101100101
16078 11100000110100
5715 1001011111010100
111 11111000111001
31224 1111000001
8937 110011000011011
16902042 10011100000010
6799 10100010101010
19274 1001111111111001
793 11111110110
817 11000110011000
984 10100110101010
10999 111010000010001
1107 1001111110110001
1120 10000100011000
24549 110000110001101
5423 1000000010
50544 100001011011101
626 11101101101111
26570 1011111001101111
1008 101000010011011
23086 100010010
35596 1101100101101
280 1010101001100110
24445 100010110
14711 10010001011
105062 10111100011
231 1001001111010001
41942 1100011
29814 11101101101100
21420 110100111010000
12344 1010001001110
1130 110010101
23750 1000110000
9661 10001000101
14268 11111010
9661 1000100001011000
1061 1011001111011001
375 1000010010011101
7184 11000010110101
6442 1010011100110110
646 1000110010
3205 1000110011
9980718 1101100110
48681 101000000
18367 101110001101
33126 10101101011011
5528 10001010011
5248766 101011011110000
40161 1001010111100
2881 1010100110
1992 111101101
1054 100000101111101000011
923 111000110001110
32532 10010001
29531 1110100000000
28434 1110000
968 11010100101101
36404 111110111
619 10111100010101
1109 1000001001100
385 111110000
52440 100011111100011
164 10000010101101
678 110011100000011
3427 10000100000001101111100
27729 1011111111111111
3289 1001010011
2229354 10111011101011011000010
1001 110011100
37733 1010111101011110
31536 11111110000111
26081 100000010010000
10929971 111000110000110110000101
342 1110001101
20190 100110110110000
4964 101011010010000
4207 111000010010100
13805 10101111101111
20116 110001011010100
10432 110101101
12686 101000001
5093 1101010110
24057 10000110101100100000
637 110101000011
632 110001001001111
20612 101000010000100
966 1000101110010110
274 101001010110011
3092 1001110110
3216 111010010010010
11584 101111001110110
434 1010011001001011
824 1011010001010011010101
379 1010011000101000
4781 1001011101
1963 100001010100100100000
1844 110010110011111
23225 10010100010100
28281318 10001110000
14568 110010000101010
26983 110000000101010
31529 1011110101001000
504 1000010011110101
1793 1100001000001101
861 1101111010
288288 11101011
22003 100110011
17577 1000101010110
2217 10101101101110
41682 10110001011
27855 1000111001
685 1110000111
818 111100100
943 110000011100010
12678 100001110010101
682 11000111010011
15620 1011110001110010
21373 111100011111111101010101
3840 1100010110011
16082 1011101100
803 110011110
498 11111101001000
33098 101001111010101
799 11001000110
746 1000011000000101
13486 1001110011011101
892 1000000000100011
33677 1001000011111000
2826 110111110000111
1959 100110000000001
608 111100011101101
11524 10111010011111
27114 1100001110
1043 110001001100111
1117 1100011011100
916 1100000101
24971 11100000
1939 110010000101101
26690 1100111011
580 10000101001111
11204531 100011011011000
8679 1000110100100010
14101 110101110101
26235 111100001
587831 11101101011000
5858 10000001001
31629 1101011
817 1000100100111110
32441 110111011100
446 110110111010011
16316 10101100
9367 101101010011
656 1101111110111001110000
28075 111001011011
888 1010011010010
8798 1000110110110
4764 1111100100
17522 100111011001
584 11111111011101000111011
204 1110110010101101
10332 101111010010111
1377 1111100100
3984 111111111011
3078 101111100111111
9452 1010001110000110
440 1011110011110110
15939 110011101001101
1225 11110101001010
418 111101110111
337 100111011010
1744 101101011101001
24474 1000001001100001
793 1001000011
11158 110100101
7754 1110111101110
2744 110011001111011
8776 10100101011010
132 1001111011
258 11101111101001
13247 10100011010001
7429 110111110011001
525 11100101010000001110011
784 11110000011100
36100 110111111100110
1130 1011100011101000011000001
9130 1101111011101111
16540 1001101001
16142 1010110010
6492 10001101010100
9209 111101101011011
3701 10000001000111
631 111101000
17209 1110111001011
278 110100001001010
371 11001110101010
38604 1001010001000
704 1011011101
6810 110011010111000
1014 111110011100100
42824 101111000011111
37843 11101111110
23356 10101001101111
39876 100100001
307 1110110
13769 1111010010000010
12869 100101111101110
50932 100100101
960 1000100101110
48156 10001010000
2854005 1010101001010110001010011
39508 10101000110111
48760 101101010100
579 1101101110011110011100
15105516 101010000101110
830 1011001110
961 11000100010101
25282 110011111
69 11111101001011
16899 101101000101001
667 10001111100
46214 10000110000
8370 1011110110
5349 100000000110000
6646 101010101110
27339 1110100000100101
8231 111101100001001
3865 10010000001
40794 10000100001
45459 11100010101011101001111
31494 101100010101001
284 111100001
18591 1001000
1019 11100100110110
45013 1010011110110010
530768 1010010111101110
345 11011000110101
1182 1010001111111
785 1111000011
756 100100010
606 11011110110011
718 110011101101
3865 111011110011
1080 100010111100111
30321 10010001101000
30773 101110000101
2808 1000010101110001111000000
51952 111010100111011111111111
24330 100001001101100
7272 10011010101001
990 1001110011110010101001100
56065 111011100011
766 1001100111100
1143 10111011000101
50080 1100000001
10517 111001011101001
26182 10000110001
21489 1101011110
5549 100000110101
846 1001100000111010
1067 10100001110110
17274 11111010110001
34833 1010011111010100
40582 10010011110100
7944 11000100
154 1001111010011
114 111011111110111100000
977 101100010
824 1110100001100101001
12994 11010000010001
1007 1100000101
22865 11101011000100
13371 11010000111011
1174 100111100101111
378 1110111111001
435 10110010011
16749 110010000010111
21927 1011001011010
13970 1110101110110
859 101101010000000
6465 101111000001
941 100111101111101
18645 1101111110001
20489 10100101010
3797 1110010100
20320 1010000110000
683 1101111000010000
9839 110011100110
31586 1001100111
20702 100111110101
16093 1000101001110010
11634 101110101001100
25573 100001100110011
52829 10010000001010
11424954 1010010011
21043 101000010110001
4996942 111100010001100
634 11001110011100
38440 111101011011010
668 11111111000011
36229 10001101111000011101101
2374 10110001001101
231 1000011110100101
44103 1110011010010011
14280552 1101101001
899 10001011101
12839 11000011
203 101111011
29039 1111101110
21031 100000001111100010011101
12233 1001001001101101111000001
28828 111111100000
31845 11000001000
579 10100100001000
292 111000011
1176 1010000011111111
772 100100001101
50890 11011100101111
3925 1110101111101
872 110100011000001000101
335 11111101101011
20773 101110110110110
50777 11100111111011010010010
614 11011101011001
7239285 100010111011001
13359078 111100110001110
10362414 101000001100100
26466 1100101100111101
36429 111011110101111
16000816 1110110100
7557 1100010111010
55534 1010011001110
15869 111001010
31589 10001101111111
1338815 11100100111111
11377 100001010101010
132 1011010110100010
5328 1010111110101100
350 111001101100
2265 1010100110001111
2656 110100000010010
470 111010000101010
354 100101101011100
3666928 111001001001000
558 1000101110000100
40994 110000000000
772 10101100
28116 111100111
17541 11000101111000
31276 1111110001110
1771 1101101101
532 1101010000000010
1121 1110000100
11724 1000001000
11201 1111000101
6097822 10111010000101110011110
1596 101111111100111
12766435 10000110001
14702 100101000010010
17106 111011011011
2719 10011100000011
16632 1011001101
26793 11111111000001
18188 1011000111010011
694 1110001100
8669 11110001001000
1052 100011100011100
18583 101111111001011
46573 1010101110101010110001001
971 11000110000100
19428 10000101010
4175 10110110100
551 110100111011
462 11110101011001
44178 110011110100010
58521 111001011100110
387 101101100000
995 111101010011010
10492 10010010110110
142 1000001000
444 101001010110110
7526 10010010110
995 10101100111
15066 111011111000101
11757 1010111111
22943 1010011000100
23298 1001000101111
1846 10001100001
8276 1001001001010101
21159 1110101110100001
37209 100111001
10439 110000001001010
10029 1010101010
1416 111011000110111
55527 110001111010101
6999 110001000
21445 100010000111
3531 101000111100111
7974 11111001011011
1630 10000000111
13746 1101010011
2378 10011011010
3301 1000110100011
34198 1000100000
41200 100101111111010
423 1100100011110101000100
34089 100110000
25223 10011000000000011011010
29543 1011010110111
1430 11100100100
23930 110000000011
491 1001000111111011
5992 10001111001
2137640 100011111111110
35 10011100101011
18287 100010100100
641 100110000110
4733579 11100010010011
19997 110000111011010100101100
11465 1000110111000
3033 1000101010000
21363 111010110111101
25805 111101110011110
2670 111111000010011110001
25439 101001011010010
4179 1101000110011111
19153 1010010101101
144 1101110110010100100
4498 100011110111011
16060 11111101100000000011111
200239 1100010010000000
3530 101110010000011
7330 11011111000110
885 1111011111
47141 100001110001010
16352 11100101000100
524 11111011
14108 1010001101110010
729 11011011011010
10988051 11110011010
87 111101110111101
9274 1010010010101100011100101
7074 11010000000111
31005 10110001010000
849 101000000111010
28642 11111100011
31495 111101100000111
27574 1001011111
3685 10000111110000111011
4645 1100000
17182 10010100010110
23415 11001010101011
967 101011100011110
513 100000101110000
1916 101100001111101
147 1101110111
