101010111000110011110
1100001101
11000100
01101110001101
101011001100001
111011000101110100
01100111001000001
100
101110100101
101010011010100101111111110001
000101101001
0100110101010010001001110100011
00001010001101101
00001011000
1010011011101110000000110000
00001
1011011010000001011011
100101000111100001101
100000111101011011000
11011
1010110100010100
011000
0111100010
100111100
11101101101011001111010
100011111001111111001000010
00110111111011010111
011010101101101
1000100101111000111110
11001011010001101000
110011011101011100110001000
1111001010111001110100001
00101111111
111111100011110001110010
101011
1001111001000011100000
010111000111011
01100110101000100
00111100001
00110110001000001001
010100000100101100
0100000010001111
10101011000
00001001001110101100010001
1000101100
10001110100
1101010110111001100110
1000111001011010
011110010010011100010001
011000111011010110101101
00001
1111110100110111010
000101
0101100100
101110110111000101011
011100001
10011000100010100
11000010010100011101
11000111101001010110
01111011001101101101101
1010000111
00100
11010001100111001
00111001110100001
111000011
0000101110
11011
01010111110010010110111100
010000011010101001110110100111
01011101100011001101
1011100011100
00101100001111101010111001
000111101000100111100
010001100000010001
10100001110
111100
1001010000100
0100000010011
10101101000110
0111011
111110011100
1100111111010
01101001100100111
01000011010100
011101001000111100011
0100000110101100010
110000011000110010
110010010011001011110
1110100010010011100
101
1110010101011000
10001010011010
00001110101
0111101000011
101001110000000
110001010101010010
0010011011110001
111001100000
101010100001
010110011110110010
000110001
0010001001001100001
11010111111100
110111010010001111011001000000
01010001000101110
0001011010111111011
11101000110000
01000101001
01100000111000110001
10111010100110100111111
0111010010011
11010000000100000
1111101001100101
011010001100001
01110110100
101110111110101101111000
11010100001110001011
0010101101111111
0000101101010000010
110011010
1000100011000101011
111100100111000000
101101000010110010111000000
00001101101011001010
00000000110101101
10001001101100001011100
1111011000001001
010001001110
110100110
0000110011111
100110100101110100000000
10001001101111100100
01111000010000011111110
0101001011101000
001010001
1100101010011010
0011100011010101
0011010011100001011
1000010011011011110110
1001101001101111011010
10111011111011
11001010010
10110100001101000101000101
01000010110111010001
111100010101011110001
111011000011100
0110011011101
1100010100111110100100
0100010101101000010
01110010011101101111110110
001011101101111000000101
101101010
100101101
011111000
110100011111110
00011011111
001101110011101111
0101101111111100
010001000101010111
00001010110111
000011010010100100101110110
1011000110100
10001
10111011000
0000101
011101110001011
1111010101010100
1000101101
10000001101101
011110111011001
11111111110100110101110
011111011110010001
10100101001010100101100011010
111011010011100
000101101
01000101111100011001
0101010111010010110111001
10011001100100110
0110110001011011101001
0110101010000011
1111010001010
1110100100010
01111000000
00001110000110110010011
00011101011110010011
0010010110101111111111010
1000001010111001111010
0001101110011000111011
0110111000001100
0110000110100101110101000111
100001000000
10111110010000111000
01101010010
111111000
1001010011
01010011000100
1001001101100101100100101100010
00110001011101001000111
011010011001011110
01011111001
